probIn scale
0.4079468 0.5009753
0.2016523 0.6539995
0.2343655 0.9164509
0.4542593 1.66529
0.1928601 0.7481512
0.6787624 0.4413775
0.3262753 0.996567
0.2788594 0.4482382
0.3027082 0.676511
0.4598434 0.9836196
0.2794898 1.086518
0.2031231 1.304532
0.4528858 0.7032362
0.4322356 0.6915736
0.217775 0.3484158
0.4415923 0.4992554
0.3580898 0.2544846
0.4693531 0.1270151
0.3808881 0.06388624
0.23006 0.0659519
0.3651839 0.07169385
0.3148101 0.1684393
0.2833312 0.1768068
0.2048765 0.1396432
0.3892241 0.1338634
0.4562644 0.2083089
0.4760519 0.2099045
0.2320253 0.2521012
0.5347376 0.2235178
0.3962608 0.1195839
0.3027532 0.09035392
0.3096262 0.03274461
0.389747 0.0338326
0.3553772 0.0329689
0.5912709 0.02737741
0.2062648 0.02760618
0.4377787 0.0235918
0.3107124 0.03113972
0.4196278 0.05893287
0.2564966 0.01580675
0.3306841 0.009888924
0.3446517 0.01718996
0.2319635 0.02000043
0.3847128 0.02493111
0.5303334 0.04114311
0.4367467 0.07759229
0.4089123 0.1318389
0.6240669 0.08507446
0.4238806 0.06515634
0.320427 0.1349169
0.3097205 0.1910625
0.4083877 0.5389813
0.3786845 0.2141871
0.4144099 0.1794441
0.3930341 0.2687651
0.4594646 0.1958328
0.4457295 0.1927666
0.4652099 0.173487
0.4331715 0.153135
0.405949 0.1127987
0.3317346 0.1654109
0.2537368 0.2617718
0.2973248 0.2055698
0.3988205 0.1754102
0.3103051 0.1486171
0.318625 0.1763713
0.2626668 0.2013166
0.3096191 0.2291462
0.2790897 0.1845208
0.3568263 0.2454257
0.3177204 0.2145431
0.4839891 0.2784239
0.397396 0.2915482
0.4661072 0.15497
0.4405434 0.1601987
0.3925652 0.2553248
0.2907223 0.2535097
0.3089315 0.3445437
0.2537806 0.303388
0.5096512 0.2176832
0.2412368 0.2427064
0.4170738 0.2078602
0.3776817 0.4140176
0.4861411 0.3231554
0.4676486 0.2537174
0.3238595 0.1094993
0.3375496 0.08745674
0.3355708 0.02842945
0.2214064 0.05358946
0.4309047 0.08230383
0.3157316 0.07111354
0.4098272 0.05794118
0.2838926 0.04410182
0.5465133 0.04123634
0.4698231 0.1389821
0.4906325 0.0634892
0.4096745 0.1209779
0.5413476 0.09740742
0.6319736 0.0487617
0.2171224 0.03332312
0.2462717 0.1627467
0.2933012 0.08950347
0.3267978 0.07516614
0.380809 0.08587547
0.3530874 0.1264336
0.4438243 0.1568656
0.4328355 0.1557704
0.5829273 0.0846701
0.4995804 0.04298737
0.3096487 0.09161364
0.4255214 0.05266841
0.2161691 0.1473005
0.5900267 0.234864
0.4693563 0.1360316
0.281614 0.2175163
0.4881831 0.3828951
0.3766402 0.6401733
0.4694611 0.9726102
0.1409364 1.562622
0.3585835 1.541621
0.3866875 2.905025
0.2540796 2.161166
0.3855359 1.15473
0.4917581 2.410435
0.2630807 1.596696
0.3188819 2.115985
0.3766877 1.46616
0.3572947 1.118236
0.4561002 1.103811
0.3888804 0.5978651
0.2967334 0.2196468
0.2232816 0.2320499
0.2781684 0.2492418
0.3337924 0.2791671
0.3090971 0.4201904
0.2984276 0.4025614
0.6228571 0.3673501
0.4408951 0.427455
0.5608333 0.2985053
0.2844554 0.1171518
0.3841153 0.1426235
0.4371385 0.1089935
0.2459137 0.1013391
0.3163925 0.1324229
0.3423104 0.0869022
0.2715024 0.03101943
0.2963405 0.02496209
0.3429393 0.07779097
0.3463972 0.3311938
0.4208372 0.3776104
0.376753 0.2045294
0.2908745 0.2527125
0.3475882 0.4322921
0.3980857 0.2966192
0.3479413 0.2514685
0.3185458 0.1862198
0.5640096 0.2364171
0.389887 0.1738814
0.3357752 0.2325178
0.2707417 0.186984
0.4718599 0.2795034
0.2643528 0.1488802
0.5456205 0.2755403
0.4260217 0.496462
0.3359982 0.2080267
0.4170033 0.1966806
0.5224375 0.1269564
0.5264052 0.1874075
0.2595553 0.2365622
0.3764662 0.197799
0.4622959 0.1574866
0.4168863 0.1960615
0.3830624 0.2284878
0.3417155 0.1412462
0.2993521 0.1488061
0.2739715 0.08802136
0.3297702 0.05743212
0.4144463 0.04673159
0.3809496 0.03027314
0.6116963 0.04259474
0.5494449 0.04338253
0.3516297 0.08543488
0.3287332 0.07846022
0.3389878 0.110481
0.4042424 0.2628512
0.3534642 0.2744864
0.2749572 0.3594847
0.2847144 0.1988274
0.2628176 0.193638
0.1994936 0.283656
0.4516279 0.1173182
0.3296773 0.2552321
0.5246045 0.1855
0.4146252 0.1734854
0.2999229 0.2968482
0.5411984 0.2937073
0.3818652 0.2622181
0.1855908 0.6993714
0.3610565 1.384673
0.3333086 0.8655995
0.498046 0.5335456
0.2929164 0.5673273
0.405655 0.3963313
0.5207365 0.4723121
0.2347954 0.4461329
0.4159957 0.3166853
0.3928218 0.2540512
0.2687116 0.2516453
0.1440496 0.3507681
0.4323931 0.6320136
0.3967688 0.5388277
0.4345638 0.3607287
0.2518113 0.5535315
0.4124365 0.462577
0.4491395 0.163044
0.3922533 0.1484822
0.4376548 0.2441932
0.427253 0.2062352
0.4088679 0.1700569
0.3914698 0.1743024
0.4268568 0.1112324
0.3038079 0.1267548
0.3728499 0.168722
0.4368235 0.07022592
0.3302121 0.06133383
0.4489502 0.07009714
0.4632668 0.161545
0.5011153 0.2191284
0.3071411 0.2261218
0.4846315 0.4634452
0.2645553 0.2251705
0.3614984 0.1734746
0.382922 0.1114448
0.3982949 0.1669741
0.4020535 0.209858
0.2433021 0.1490774
0.2509238 0.2158491
0.2065556 0.3463691
0.3945358 0.6066536
0.3024894 1.717743
0.4168434 2.551156
0.4416383 1.522204
0.3634341 1.445584
0.3522381 0.8214216
0.4012777 0.6227666
0.4364265 0.2777345
0.3778301 0.1963774
0.4064719 0.1679763
0.4986328 0.2149767
0.524507 0.2594911
0.5376435 0.3787202
0.2945323 0.1883395
0.2840045 0.1947108
0.4732301 0.2693198
0.3682171 0.1299757
0.3212942 0.08937743
0.4429468 0.1467909
0.3257162 0.2316841
0.4201099 0.0959524
0.3945949 0.0774876
0.2097337 0.05276869
0.5049105 0.02117389
0.4630689 0.03147486
0.3408552 0.08765815
0.4496385 0.1937503
0.487942 0.5958588
0.336386 0.5861882
0.3628944 0.2503944
0.3291389 0.2828759
0.4007178 0.4291359
0.3359075 0.1870639
0.3087438 0.1198657
0.208509 0.0832241
0.5077717 0.03767674
0.4782758 0.08010468
0.3917802 0.07779357
0.2926581 0.0689677
0.3874241 0.07128805
0.3322602 0.2663025
0.2430508 0.2113781
0.3089616 0.146151
0.2331146 0.1910548
0.4081801 0.2479534
0.3252215 0.1731188
0.2271964 0.1107617
0.3301335 0.1393953
0.5315029 0.1034436
0.3559988 0.2204192
0.5038854 0.2210718
0.3031198 0.3753857
0.3326065 0.2198875
0.5231431 0.1517176
0.331297 0.2266061
0.4820819 0.5669871
0.4380736 0.492726
0.455586 0.61436
0.4638674 0.289613
0.4581516 0.2696635
0.3309222 0.2423262
0.2737087 0.09422156
0.4393085 0.08264556
0.3436452 0.2717551
0.2763683 0.2754686
0.2927704 0.2854591
0.2725506 0.3984979
0.5998517 0.2386836
0.6096413 0.1632001
0.5582717 0.1295717
0.3635195 0.1617705
0.2767104 0.1310699
0.3158779 0.2091844
0.2512284 0.2441746
0.3880354 0.1689873
0.3549999 0.1373495
0.2932581 0.1311506
0.3904026 0.1656536
0.480544 0.2549131
0.3195901 0.1210652
0.3540032 0.09143563
0.4266291 0.1027773
0.3378175 0.4496967
0.5427373 0.299788
0.1281535 0.1823057
0.2908757 0.146043
0.3938869 0.3566709
0.4523523 0.2740442
0.421558 0.2899881
0.3677281 0.4602373
0.3071417 0.3573859
0.356491 0.6245223
0.3759751 0.3512454
0.427658 0.3285901
0.3524045 0.1231525
0.4409211 0.09099584
0.3390036 0.1647546
0.2689226 0.1379916
0.4836786 0.1504393
0.4468983 0.1122879
0.2965415 0.2600025
0.4554294 0.1393899
0.4341522 0.105837
0.5349152 0.1161671
0.4224047 0.1022654
0.4669403 0.0840152
0.5022998 0.1095357
0.2972273 0.1342623
0.4161039 0.1919862
0.51331 0.1618368
0.345645 0.2752575
0.3178591 0.3458847
0.3906043 0.2642485
0.3472586 0.3838364
0.4507407 0.3198415
0.5028826 0.300666
0.3158725 0.2901045
0.4193517 0.4682367
0.2764449 0.3844041
0.4556534 0.32012
0.3451719 0.2449141
0.3948874 0.181723
0.3469054 0.2060259
0.514422 0.2424224
0.3713695 0.1960413
0.410873 0.1823588
0.4559933 0.3161643
0.2731368 0.1577964
0.3741696 0.2153222
0.4298618 0.407026
0.3756708 0.483284
0.3028325 0.6362221
0.2536763 0.4070481
0.4146661 0.3156068
0.2835177 0.3895911
0.3661955 0.2225744
0.2584041 0.3058602
0.3889079 0.2480597
0.4559287 0.1197566
0.425781 0.09533126
0.284613 0.1365319
0.3734166 0.1394631
0.3328878 0.1822547
0.3490495 0.3486701
0.4281153 0.1332923
0.2647404 0.1684308
0.3292635 0.2499677
0.3261454 0.1762912
0.3706215 0.1372945
0.3336567 0.1130519
0.2094862 0.06547113
0.4183515 0.04605839
0.5180345 0.0392234
0.4277556 0.04345335
0.4269881 0.13963
0.4083877 0.1213603
0.514485 0.1828853
0.4729532 0.3034559
0.4349082 0.6060091
0.374872 0.7180712
0.3470086 1.02422
0.3150794 1.071934
0.3768288 1.414868
0.3371609 0.5072461
0.4901905 1.058717
0.3621475 0.9147615
0.2692372 0.6632467
0.4870848 0.5269344
0.4345653 0.5298832
0.2849435 0.4864828
0.4209051 0.5317126
0.2607935 0.6351402
0.4562523 0.4584736
0.2945122 0.606835
0.283455 0.3975984
0.3198031 0.2192135
0.5669199 0.6949487
0.4165262 0.3750519
0.5445135 0.3874943
0.4918379 0.3193474
0.5161244 0.1408918
0.2391532 0.1469528
0.4448705 0.2963199
0.2924291 0.4861876
0.3057836 0.4771354
0.2392765 0.3758455
0.4098285 0.5051368
0.4879264 0.3481247
0.3596879 0.3565848
0.288392 0.8458928
0.2050301 0.7489418
0.3708041 0.4938293
0.2883609 0.4311672
0.2380203 0.6781598
0.251484 1.955047
0.54762 3.131457
0.5094314 1.836506
0.5616196 1.452374
0.3355351 0.4708433
0.3859731 0.5269034
0.4748403 0.4056147
0.1748944 0.3700105
0.5599383 0.2209343
0.3498403 0.4487591
0.4746051 0.509533
0.434979 0.3097826
0.2594406 0.6374054
0.3388555 0.3796721
0.4886244 0.4845084
0.3780514 0.4718914
0.2634675 0.6984988
0.3401879 0.3677382
0.3093285 0.4495234
0.3956484 0.6876258
0.5161648 0.6485189
0.4048334 1.070309
0.2824988 0.7471332
0.2978039 0.8626063
0.3382354 0.8213647
0.2459117 1.636313
0.3086422 0.7587489
0.3625779 1.393853
0.1944217 0.6744477
0.3506626 0.5876176
0.3118013 0.2983143
0.2288278 0.3720976
0.3779831 0.35122
0.3955709 0.4887893
0.2775465 0.2839725
0.391082 0.2785206
0.3834621 0.267435
0.2271118 0.2540959
0.4462614 0.1722479
0.3653241 0.1966274
0.3876283 0.1393997
0.2777771 0.1759629
0.2624073 0.2870286
0.3527552 0.1440852
0.2376424 0.07816244
0.5632553 0.1285524
0.4269352 0.0965964
0.4893884 0.06932973
0.3665053 0.07518557
0.4499591 0.07534334
0.5753023 0.08301618
0.3371357 0.07935136
0.4033976 0.1024851
0.503249 0.1269106
0.4008392 0.3999141
0.425675 0.5244204
0.3236937 1.206685
0.4606697 1.26418
0.1948795 2.18939
0.3535286 1.263471
0.2949026 0.6894753
0.3610989 0.5257
0.4685674 0.6272209
0.4432877 0.3342091
0.3743374 0.3134969
0.2986779 0.3053596
0.3286425 0.3030304
0.4532872 0.516657
0.396059 0.452367
0.3029139 0.5501765
0.2614858 1.087334
0.3794728 1.682075
0.4067148 1.67954
0.4332984 1.560719
0.1719394 1.239581
0.4079199 0.6373577
0.5079783 0.4262414
0.3692281 0.3642268
0.3444184 0.5718754
0.3783454 0.6956802
0.2537493 0.7192756
0.2724759 0.6207488
0.4383581 0.7153734
0.4575418 0.8042734
0.385435 0.9694624
0.2671993 0.4421787
0.4329929 0.6358945
0.4460061 1.130853
0.3793393 0.8635554
0.3345628 0.3928182
0.48946 0.4287218
0.4041781 0.2474201
0.2654121 0.2257589
0.3395733 0.2361816
0.2973037 0.1471241
0.4767597 0.1003392
0.4377016 0.1259211
0.3062505 0.1139984
0.3791239 0.07771737
0.355643 0.120219
0.328267 0.08622503
0.2154738 0.1521435
0.3293412 0.2738379
0.2448009 0.7019922
0.3335123 0.5895432
0.3693944 0.3591481
0.2785937 0.2937462
0.4032826 0.3100786
0.3631137 0.1583435
0.259639 0.159557
0.449168 0.2609312
0.3155552 0.193616
0.4550324 0.151991
0.3542008 0.1108952
0.2863012 0.1491442
0.3466559 0.2083841
0.3528801 0.2822759
0.2307518 0.177956
0.2757913 0.1746518
0.3405485 0.2351757
0.4051128 0.1087061
0.5510133 0.1018787
0.2276067 0.1287121
0.4011885 0.1207646
0.4993338 0.06852273
0.261397 0.06914257
0.5584082 0.07397204
0.4546004 0.04094915
0.3878677 0.04213501
0.5887331 0.04417576
0.286647 0.0375436
0.5304312 0.02744567
0.2775049 0.02152838
0.4840616 0.02231436
0.3728594 0.03640319
0.263558 0.050593
0.3226312 0.08216024
0.3105381 0.03923976
0.2162834 0.04088324
0.4464659 0.08067008
0.3095038 0.1250697
0.3262045 0.1021205
0.5971829 0.1038973
0.5772397 0.08931121
0.3368546 0.09573643
0.3644542 0.1298235
0.5399669 0.1094409
0.4210113 0.08625352
0.2866318 0.10921
0.3159652 0.06500251
0.3586661 0.04631056
0.2355632 0.04099789
0.4723015 0.07868026
0.4658435 0.3192888
0.3135216 0.1598179
0.3260088 0.2650583
0.2950909 0.1871246
0.5976176 0.2627216
0.4822225 0.1607583
0.2417669 0.150767
0.4687559 0.1035268
0.517271 0.09110016
0.4020843 0.1224395
0.4492601 0.05600831
0.31055 0.04843011
0.2987515 0.06269376
0.4627321 0.09180727
0.4614599 0.1417575
0.3402023 0.1875339
0.4693606 0.3591223
0.4083725 0.4841505
0.2728089 0.2803815
0.575911 0.264502
0.3601257 0.1401617
0.3603265 0.2017795
0.2436491 0.1670675
0.2342701 0.1629212
0.2982172 0.2088464
0.3071668 0.2260332
0.3966662 0.2379665
0.3082647 0.1484131
0.3873728 0.1213156
0.4344873 0.3245863
0.2325436 0.6243477
0.376589 0.9138086
0.3566358 0.7888855
0.3412562 0.7807443
0.3917978 0.363088
0.3355981 0.6071416
0.4288083 0.5713587
0.4737119 0.5980494
0.3729704 0.5088249
0.2888853 0.8421075
0.5198932 0.2975236
0.4901687 0.3351251
0.4334187 0.4443856
0.351366 0.1626065
0.3710582 0.2996971
0.4046302 0.3678662
0.3890545 0.1216342
0.3141457 0.04001411
0.2826392 0.04155169
0.3840823 0.07404869
0.4467132 0.1006294
0.2360164 0.2614334
0.3318972 0.2857816
0.286973 0.2001107
0.3427398 0.2546505
0.3827354 0.2741115
0.3101092 0.3878143
0.5897651 0.4785683
0.2800523 0.3835653
0.3401815 0.2095357
0.5676419 0.1721881
0.4036362 0.1954289
0.2693105 0.256536
0.1900757 0.2606236
0.3495976 0.414248
0.4125999 0.7708678
0.5094592 0.5406116
0.4031402 0.5678974
0.4128662 0.825758
0.5338039 1.231505
0.5933555 1.981547
0.3323656 3.524817
0.2648405 4.377657
0.4423325 2.512675
0.3467316 2.135339
0.3338698 1.06708
0.3840189 1.284439
0.2972182 0.9745997
0.5307859 0.7530592
0.3628846 0.356473
0.3602695 0.4540691
0.4414056 0.2944901
0.3748855 0.6004979
0.3963528 0.4153677
0.5096497 0.842698
0.1996539 0.7725946
0.265488 1.225498
0.3315025 1.892755
0.3953903 2.084972
0.2304585 2.428028
0.4422088 1.830808
0.2966045 2.185572
0.280558 2.046486
0.3654357 1.234282
0.2736227 0.9620458
0.3496554 0.4137114
0.4168647 0.8059119
0.3799961 0.6734605
0.3486709 0.545981
0.2879093 0.5636976
0.2895452 0.6916498
0.3139679 0.4167765
0.4600436 0.260457
0.4740331 0.2338583
0.2591286 0.2541812
0.5035898 0.1364303
0.284655 0.3149091
0.4075191 0.1241174
0.3668468 0.1071515
0.6647 0.06319993
0.3714631 0.0831919
0.2539915 0.05396982
0.3144221 0.06436441
0.3633535 0.1215503
0.4220229 0.0858831
0.3852002 0.1038127
0.2725022 0.0739011
0.4359578 0.07592542
0.5450224 0.2455284
0.2972564 0.1784347
0.405 0.4942943
0.3868756 0.4162441
0.2680007 0.5172121
0.4730417 0.4939184
0.4508715 0.6064375
0.2468467 0.3462155
0.2014996 0.5374505
0.4422475 0.5757168
0.3205603 0.8343584
0.3298612 0.6484869
0.3058759 1.159072
0.3323597 1.640077
0.3166358 0.8864528
0.3884196 1.146139
0.1954859 0.8655761
0.4867603 0.9218788
0.2383044 1.763952
0.5627064 1.399588
0.4692726 1.491836
0.4338503 2.543782
0.3854435 1.463534
0.3461571 0.7703817
0.4926153 1.507783
0.3513581 1.560723
0.2640832 1.136086
0.4732561 1.176789
0.3382695 0.6984797
0.3264123 0.9586413
0.2291946 0.4877806
0.2490854 0.2552736
0.3300324 0.5922117
0.3717209 0.3425029
0.3307473 0.4896797
0.3718183 0.3037836
0.5071984 0.318357
0.3938174 0.3541299
0.3628312 0.4317506
0.147967 0.7482917
0.4856747 0.4613504
0.2788228 0.3359397
0.2424811 0.8422993
0.3517824 1.563914
0.4600189 1.321858
0.4150056 1.100513
0.3638376 0.627683
0.2820068 0.4284896
0.2955874 0.4456236
0.3735277 0.4722757
0.2333293 0.4653543
0.2792302 0.5118713
0.3916448 0.413377
0.246931 0.3989524
0.4417186 0.7558841
0.5578169 0.6480124
0.3965318 0.6075862
0.4550805 0.4146143
0.4349561 0.3445144
0.3627388 0.1479661
0.4680331 0.1636084
0.302596 0.1561184
0.5270416 0.3451418
0.2690893 0.5852444
0.3617227 0.6786504
0.3585254 0.6609504
0.3360608 0.8832857
0.3319133 0.7382448
0.3036943 0.8363926
0.249403 0.7448128
0.4235101 1.77393
0.3956511 1.737547
0.3318126 1.277747
0.2802628 1.32557
0.2008335 1.234024
0.5850287 0.9308699
0.3674363 0.8542888
0.3214282 1.377394
0.2937782 0.7564965
0.5120133 0.8359405
0.4046606 0.3746476
0.2723759 0.1307989
0.3910498 0.2207149
0.512299 0.4101679
0.4999765 0.7005298
0.4370195 0.9259726
0.4618419 0.7858355
0.3813962 1.347375
0.2984404 0.596684
0.3895079 0.3694953
0.4087903 0.3215499
0.4072289 0.3918877
0.3217448 0.3061671
0.4992038 0.2338071
0.3181067 0.2523769
0.3563977 0.1878847
0.5045263 0.1556906
0.386913 0.14649
0.3255956 0.1071193
0.4830448 0.05090708
0.3859767 0.08388506
0.2494806 0.09867298
0.3278361 0.1629144
0.6236378 0.2109434
0.6097638 0.5085621
0.4881347 0.7444201
0.2966665 0.4862996
0.3428947 0.2492408
0.3850593 0.2714538
0.371187 0.1380135
0.4495602 0.2586958
0.3275407 0.178445
0.3314508 0.1924865
0.2751516 0.09351353
0.5041017 0.1015033
0.370069 0.3781545
0.4243024 0.4016311
0.4028902 0.2113258
0.2526676 0.06945671
0.4188784 0.09196541
0.4488435 0.0805647
0.492984 0.04709283
0.3110476 0.06219353
0.4203398 0.07047936
0.3925693 0.05459914
0.4476536 0.0598231
0.42378 0.07418035
0.4241744 0.1283017
0.4120184 0.177677
0.3287182 0.1738746
0.412604 0.08726783
0.3284412 0.1506531
0.5009217 0.1707295
0.324947 0.1097374
0.2183688 0.09074942
0.4804938 0.1790094
0.3998096 0.12273
0.522511 0.1632198
0.2354353 0.5897374
0.4080116 0.6626987
0.4166648 0.2899066
0.4771566 0.4157774
0.3544285 0.6436272
0.600438 0.3923131
0.2273484 0.3031939
0.557006 0.5075879
0.5190043 0.9036942
0.4992057 1.090916
0.377295 1.815937
0.5653416 0.8726714
0.3852005 0.6048797
0.3618251 1.320272
0.4438926 1.374382
0.2851718 3.20349
0.3869081 2.511865
0.3887796 2.379249
0.3609037 3.379851
0.3212492 2.844696
0.3408787 4.325849
0.364325 2.924291
0.3825453 1.700231
0.3631727 0.9438239
0.3541571 0.6693238
0.4711937 0.410991
0.3438964 0.4144317
0.3547778 0.6381084
0.4267895 0.53504
0.3091869 0.3312006
0.3872932 0.33003
0.5053197 0.2450996
0.202826 0.2513745
0.4073123 0.2712493
0.2959999 0.3585746
0.4830921 0.2385672
0.4947237 0.2345023
0.2987809 0.257206
0.4261026 0.1461957
0.2836397 0.1565309
0.4148059 0.1651574
0.4920687 0.1318035
0.40488 0.2707357
0.4455967 0.3264416
0.1189587 0.3604619
0.3018365 0.1350996
0.4671723 0.2623219
0.3589916 0.2155179
0.4177607 0.1850523
0.5194821 0.4907286
0.4161893 0.3651286
0.227 0.3623441
0.3588375 0.1890683
0.4789996 0.224934
0.3435829 0.2379676
0.4590864 0.2828866
0.3471765 0.3243918
0.3985943 0.391189
0.3681845 0.4019219
0.5918136 0.2920881
0.3620949 0.2057049
0.3273302 0.1089595
0.4220556 0.1257099
0.2585337 0.134969
0.2264373 0.4509108
0.2523047 1.309406
0.3035448 1.390758
0.3077948 2.589923
0.5142615 2.634337
0.4046711 3.098777
0.3256267 2.466095
0.4701419 9.068733
0.4050779 3.984947
0.4584213 5.464387
0.4817697 2.246564
0.5573225 1.590444
0.3996168 3.039609
0.2911286 2.098412
0.5019196 2.484834
0.2457509 1.521505
0.228277 0.8104876
0.4998878 0.8030293
0.3135348 0.7554425
0.6215469 0.2968143
0.2083191 0.4211825
0.2743171 0.6238653
0.4738198 0.4255015
0.2282943 0.2371195
0.4870519 0.2365563
0.4141168 0.3123448
0.3879679 0.1553486
0.3219416 0.1878975
0.3206512 0.188792
0.4139567 0.1941216
0.22809 0.1330454
0.3516861 0.1063767
0.3708784 0.08020649
0.3388776 0.160879
0.5389203 0.7338133
0.2575004 2.092117
0.469952 0.7765049
0.3346608 0.9887174
0.3023535 1.206484
0.3957486 0.8784719
0.3571749 0.5213883
0.2836534 0.405169
0.5048795 0.583415
0.4666866 0.3288476
0.3370679 0.2179075
0.4607138 0.2093514
0.2631916 0.1058984
0.2190209 0.08186508
0.6797781 0.08180104
0.2022384 0.09134093
0.4533998 0.07865209
0.5641013 0.07922367
0.5012418 0.03607145
0.3775451 0.07737566
0.376022 0.07089422
0.2675754 0.06448676
0.6311548 0.1207217
0.49652 0.1140219
0.4429156 0.1754595
0.3456946 0.3117178
0.3532729 0.1641541
0.5031291 0.1614757
0.4701866 0.1253131
0.2797435 0.2745587
0.4675619 0.2023187
0.4518015 0.3335091
0.3367568 0.3179147
0.5612344 0.2178997
0.4391615 0.2236066
0.2664863 0.2283655
0.1939371 0.1830817
0.2847217 0.103601
0.4503532 0.1227441
0.5403219 0.0636241
0.3153405 0.2009847
0.3219262 0.1604855
0.4623761 0.1826703
0.4943982 0.1108773
0.3588613 0.2742832
0.4260969 0.4052483
0.5112187 0.18593
0.271438 0.1586726
0.4364325 0.08821406
0.3504641 0.04516158
0.5532083 0.09008867
0.4287804 0.0859749
0.3987092 0.1899794
0.4360018 0.07438612
0.3003267 0.0549998
0.435776 0.08794934
0.4575892 0.04011284
0.3878819 0.0949218
0.5126088 0.1630349
0.5417043 0.2656107
0.4048827 0.4319898
0.2884558 0.2611091
0.4817611 0.4018565
0.4130248 0.4836698
0.3869067 0.4466665
0.3354174 0.3857
0.4473901 0.6201451
0.4053721 0.3692773
0.4395181 0.5204896
0.4031428 0.6354503
0.3917106 0.8279682
0.2027891 2.527821
0.3464628 2.880917
0.4255643 1.709212
0.462897 0.7167942
0.4694671 0.962437
0.1147539 1.424665
0.4003788 1.705555
0.337125 0.7296205
0.5933609 0.3080636
0.2131365 0.3196862
0.3779892 0.2615144
0.1937136 0.3402467
0.4370474 0.3690911
0.3702273 0.4159817
0.3612 0.5662842
0.3613171 0.3273312
0.274457 0.4236246
0.3295997 0.4267144
0.4260657 0.5925497
0.2369766 0.275618
0.4860625 0.3453696
0.3310864 0.2156601
0.2708059 0.08294827
0.2751773 0.06963767
0.4434602 0.06798322
0.24153 0.05699221
0.3154737 0.07935611
0.3896188 0.08279826
0.4161481 0.03439002
0.4279706 0.02421992
0.442997 0.07642461
0.3921067 0.09247542
0.1747366 0.1010224
0.2500379 0.2214824
0.464565 0.2417462
0.2774384 0.162388
0.3990877 0.4637219
0.3756033 0.4508059
0.2189484 0.7648525
0.4680473 0.5289143
0.3843455 1.00478
0.3887296 1.923807
0.3810099 1.580867
0.3332273 2.058042
0.398637 1.798257
0.4240549 0.5732457
0.4070826 0.3355284
0.2825704 0.09645162
0.2944457 0.03584315
0.5933538 0.04667873
0.3503867 0.1176244
0.3658436 0.1658502
0.3420715 0.1301285
0.4509713 0.1265004
0.2343459 0.2163288
0.2983121 0.2102519
0.5294444 0.2102789
0.2739771 0.1981226
0.4698379 0.3072656
0.2325418 0.286254
0.3100802 0.4579696
0.3270173 0.4699501
0.3255247 0.2854739
0.4009903 0.2124521
0.4499414 0.1329997
0.4244365 0.2745548
0.407879 0.2012275
0.4970237 0.2397149
0.3182699 0.2450463
0.5954299 0.2116303
0.4195027 0.1543954
0.5110024 0.2672247
0.4716503 0.2691747
0.3853795 0.423933
0.2806548 1.018278
0.3208092 0.9808987
0.2685573 2.101714
0.3183076 2.487221
0.4134566 2.394007
0.4919942 2.849524
0.3389504 3.704815
0.4738087 2.683143
0.5254311 2.576156
0.2991688 2.437966
0.1831327 2.444679
0.4093273 1.390258
0.2781612 0.6159611
0.3718315 0.9413877
0.3746034 0.8951884
0.4076003 0.5017278
0.3383859 0.1737564
0.2715238 0.1382724
0.5324537 0.1888956
0.4265245 0.2542134
0.3631855 0.154052
0.4819687 0.09223239
0.4554148 0.1446087
0.33222 0.1510008
0.4151208 0.03781044
0.3125881 0.04954212
0.3802682 0.1091496
0.4750263 0.1273075
0.3595939 0.1245067
0.2692851 0.1806698
0.5013393 0.1074573
0.3294967 0.1647855
0.3430441 0.2400108
0.5374164 0.2588409
0.4290226 0.513307
0.4184734 0.7202418
0.265927 0.3893492
0.2255112 0.2640745
0.4242583 0.2977223
0.3465577 0.2567453
0.3870064 0.291229
0.3106495 0.2249084
0.2696802 0.1690761
0.3475611 0.1198306
0.2655863 0.1989078
0.40199 0.2615503
0.4159393 0.2285087
0.3531356 0.2636954
0.3336464 0.2188068
0.4157138 0.1338981
0.3775814 0.1838704
0.4067759 0.2201011
0.3455971 0.2754671
0.3663442 0.5459956
0.3895598 0.9046122
0.3112062 0.4795668
0.3117515 0.2828999
0.386368 0.1884843
0.4628193 0.1881604
0.3157813 0.5745748
0.2112934 0.7520351
0.359318 1.759532
0.3107977 1.047617
0.3160053 1.224717
0.263815 0.6375134
0.3760213 1.022102
0.5639373 0.7732905
0.4805861 0.3288577
0.3038457 0.619058
0.6028821 1.510472
0.4699369 2.315614
0.2359426 3.004795
0.5765883 2.390051
0.3436587 4.40222
0.2998322 3.676422
0.5692948 3.585669
0.3264217 5.005426
0.5616455 3.220124
0.2720478 2.456732
0.3502734 2.585598
0.5514681 2.97165
0.3424165 4.590352
0.4896943 2.142467
0.3230526 2.84941
0.3367366 4.891257
0.3155151 1.799111
0.4501775 1.256009
0.3555248 1.15671
0.4033349 1.330551
0.2453868 1.086036
0.4621667 1.000603
0.4359353 1.402428
0.3440009 1.026946
0.3205282 0.7718061
0.5248479 1.024559
0.3920158 1.253153
0.3262554 0.9775256
0.3913161 0.4803569
0.5514507 0.1833458
0.3500081 0.1234127
0.3825472 0.2226717
0.4695006 0.2481399
0.418724 0.1728199
0.3579338 0.2983428
0.4246418 0.3326174
0.3728654 0.3911135
0.4542589 0.1169237
0.4169199 0.08481664
0.4462116 0.09853888
0.3112602 0.07927472
0.2895932 0.1163143
0.3419837 0.09700962
0.3839699 0.2252837
0.3705254 0.4092538
0.4410341 0.4474427
0.3799989 0.7867379
0.243274 0.2494466
0.6063161 0.09836495
0.2297535 0.1074987
0.4245027 0.2670381
0.3434563 0.3512871
0.37163 0.8947617
0.2777115 0.3214728
0.3776234 0.5423926
0.368042 0.291098
0.476084 0.1678998
0.3867449 0.1134729
0.3406685 0.1248835
0.4772215 0.06709561
0.4272881 0.1030015
0.3261738 0.1302147
0.2966844 0.1577515
0.3261086 0.2591024
0.4636229 0.1340569
0.2791743 0.179592
0.384603 0.258716
0.4315322 0.2802557
0.3628742 0.4675393
0.4255594 0.7508532
0.3571829 1.193022
0.568033 2.408449
0.5140028 1.843457
0.3087273 1.114882
0.4245989 0.8646347
0.5369354 1.152365
0.2414018 1.288621
0.356673 3.236084
0.2847407 2.172057
0.2680786 2.547972
0.291948 2.32572
0.5110481 2.122538
0.3738363 2.238289
0.4913578 2.681793
0.396817 1.721724
0.373704 1.341908
0.2958142 1.610719
0.2740778 1.550246
0.1819869 1.084663
0.3362448 1.975603
0.320662 1.324308
0.4841642 1.307967
0.4753004 0.7912726
0.2951553 1.030361
0.5407701 0.9322029
0.2631595 0.706726
0.4418377 0.6440447
0.3638665 0.6214892
0.3309612 0.3059491
0.3165979 0.3135676
0.4733932 0.7455157
0.3737155 0.6334484
0.4772448 0.2912298
0.3243262 0.3779932
0.3771039 0.2383002
0.3120845 0.2072306
0.4393694 0.1351965
0.3317246 0.1079116
0.3822153 0.2885338
0.4484216 0.423836
0.4064104 0.6143533
0.408692 0.4547794
0.4815295 0.8058454
0.2880119 0.5250908
0.374364 0.4633034
0.3382525 0.164487
0.1687281 0.25188
0.4798378 0.2661975
0.3982964 0.5794807
0.410788 0.5397628
0.283082 0.4575158
0.3191711 0.6408639
0.474844 0.2665406
0.2600368 0.1965498
0.3263747 0.2797983
0.2013941 0.600978
0.2318406 1.359279
0.3100771 0.6350364
0.2470808 0.8101652
0.3492654 0.4983342
0.4699331 0.9231794
0.3185591 0.745987
0.2758391 1.108619
0.4647249 0.9277362
0.486518 0.7818078
0.389401 1.497699
0.4019153 1.325767
0.3121467 0.7952373
0.3542346 0.9109931
0.3504376 1.459139
0.2969879 4.415678
0.4538557 6.224222
0.3950777 4.919685
0.2210832 2.492031
0.3113743 3.083078
0.3639602 2.526323
0.306759 2.191794
0.3969825 1.200183
0.3156079 0.7237339
0.3723043 1.722096
0.3288293 2.273793
0.2609483 1.423176
0.4510128 1.967164
0.2990906 1.116731
0.3474312 0.8585427
0.2255274 0.9350024
0.4128299 0.9567339
0.577204 1.24434
0.3763163 2.689165
0.3578772 1.185343
0.361385 1.350755
0.4472316 0.9198063
0.4195506 0.4599099
0.4059493 0.6657436
0.2506492 0.9301983
0.3406676 1.091379
0.4351449 0.9584188
0.4519459 0.8856112
0.2859609 1.414106
0.424503 0.46817
0.3699568 0.4212613
0.4646292 0.3057748
0.4533004 0.4187572
0.4015622 0.4864998
0.3593562 0.8561316
0.3455556 0.8032109
0.4224273 1.136602
0.3840244 1.666991
0.2260023 1.995242
0.3858011 1.289454
0.232912 1.589909
0.3408719 0.8231116
0.4360891 0.5930539
0.324878 0.9450498
0.3688881 0.6946978
0.3187338 0.6420983
0.2902824 0.5610875
0.3508338 1.313592
0.3782158 1.106458
0.2400838 0.616091
0.2419389 0.5639115
0.4941189 0.6815022
0.4910622 0.797008
0.3242644 0.6658483
0.4173399 0.4791595
0.3744661 0.7841167
0.4164405 0.5665633
0.5289297 0.2134248
0.3277096 0.1576783
0.5258369 0.1584283
0.5092266 0.07595566
0.3068193 0.08598068
0.4264495 0.1788713
0.2997557 0.1006864
0.3438133 0.06415475
0.3341882 0.07959088
0.4855238 0.05401382
0.6145453 0.07067931
0.3391949 0.1000743
0.4986544 0.1284712
0.4664861 0.2377601
0.2854796 0.2052762
0.4772532 0.3449647
0.3941371 0.6032637
0.2481132 0.4881697
0.2498714 0.2966575
0.3387822 0.2298316
0.3746098 0.2503549
0.4873896 0.1328909
0.4883466 0.2581343
0.4350139 0.321007
0.3299922 0.3423512
0.3515339 0.3572436
0.3484426 0.2411324
0.3157287 0.4339827
0.4663043 0.2595362
0.3037556 0.1590177
0.3652293 0.1679774
0.4549934 0.1176429
0.372565 0.1268725
0.4200343 0.167888
0.1396299 0.08122743
0.3977918 0.1051475
0.2059067 0.09973044
0.2942138 0.05761856
0.250153 0.1176325
0.4219402 0.3179949
0.418689 0.3168284
0.2769106 0.2306431
0.501456 0.2063463
0.2484948 0.355702
0.1912816 0.188517
0.3858092 0.290004
0.2774717 0.3172107
0.4898438 0.5536269
0.424707 0.6704959
0.3041682 0.655528
0.3717359 0.5400201
0.3829862 0.2854831
0.2740584 0.5128388
0.4509641 0.6121986
0.2313782 0.5957459
0.4568419 0.7737531
0.2969813 1.070655
0.2868198 0.3560415
0.5082099 0.2426181
0.3193281 0.265677
0.4090525 0.2322373
0.4335289 0.2673096
0.3884781 0.364323
0.2506862 0.153627
0.286736 0.1975552
0.4634909 0.1557472
0.5243697 0.2617668
0.3925185 0.2448909
0.2882095 0.387607
0.4005942 0.372348
0.4540673 0.1964796
0.337031 0.4235251
0.3077806 0.3931168
0.3639398 0.3912751
0.315404 0.3480878
0.2709969 0.3021598
0.4641215 0.1531879
0.4476224 0.1158207
0.2818934 0.1559713
0.5324568 0.1877911
0.3272094 0.4447762
0.3641813 0.3715177
0.4006788 0.2957146
0.2827271 0.2030931
0.2827771 0.1894123
0.4480339 0.2694869
0.4909262 0.1805326
0.1982937 0.1266441
0.3110277 0.1764069
0.3231062 0.08733456
0.2486745 0.1169709
0.3139235 0.1205821
0.4514009 0.2313794
0.2530188 0.3967449
0.5229491 0.7458171
0.4696408 0.3908989
0.4807617 0.1401958
0.3600553 0.1533722
0.2762682 0.1885254
0.271622 0.2120289
0.4180426 0.2564941
0.3567782 0.4253507
0.3518978 0.2705336
0.4787712 0.1542693
0.3650333 0.2003745
0.6109171 0.1455634
0.3948007 0.07205375
0.4780423 0.1057979
0.4598937 0.1540135
0.3372822 0.13288
0.2254874 0.2861405
0.5196473 0.2254083
0.426814 0.2933783
0.3189409 0.2939795
0.3909986 0.2226217
0.5089807 0.1773707
0.338798 0.2407883
0.2723384 0.1038526
0.1853132 0.1134231
0.3796968 0.1990939
0.4345999 0.2234428
0.3439962 0.3344072
0.4090154 0.1719318
0.3643003 0.1503338
0.432293 0.194075
0.4763228 0.1215849
0.5907421 0.1228761
0.3894767 0.0753458
0.3571091 0.0858896
0.3931157 0.04017792
0.3630358 0.04802842
0.5170435 0.04721164
0.4509968 0.07766016
0.3077064 0.1013877
0.3683768 0.1515463
0.3879396 0.1729989
0.5313488 0.1419762
0.2795116 0.3003074
0.3673904 0.2937547
0.3421966 0.3042734
0.4471834 0.1517695
0.373385 0.1006389
0.206711 0.176932
0.3974207 0.1597044
0.5392831 0.2191749
0.4592668 0.1935044
0.3937658 0.2267869
0.2000133 0.3182837
0.2891744 0.1778042
0.3282083 0.2889346
0.3509286 0.2665006
0.2564804 0.249397
0.4309126 0.507539
0.4094352 0.342732
0.3798074 0.4663134
0.2578326 0.4733583
0.4979596 0.5654243
0.312649 0.625663
0.2768004 0.4872992
0.257402 0.7724376
0.4494409 0.3962009
0.5103469 0.6931379
0.242816 0.4456258
0.5384624 0.5799875
0.4408371 0.6124784
0.2244321 0.4478659
0.4145491 0.3414871
0.447441 0.2116777
0.5696794 0.1240069
0.3736839 0.1663302
0.4950967 0.1063981
0.3805104 0.1883622
0.3654736 0.2542236
0.1618634 0.289054
0.3594301 0.157823
0.3302702 0.05251631
0.4505077 0.04262284
0.3046 0.06856381
0.4810178 0.05388543
0.3972091 0.07677641
0.4361319 0.05764735
0.2798234 0.02098416
0.3425409 0.0565465
0.5108729 0.06334896
0.5229182 0.08186189
0.35934 0.04779473
0.4365196 0.1158079
0.2242087 0.1130441
0.2492087 0.1743583
0.2776565 0.194082
0.5183698 0.1974361
0.3514706 0.2222379
0.4131608 0.5706081
0.3386777 0.3923669
0.2481128 0.3487508
0.2994456 0.3828664
0.2912971 0.2751341
0.3129153 0.6782047
0.4289115 0.8933403
0.3375018 0.8453772
0.4237819 0.6756442
0.2158822 0.6313415
0.4235575 0.5117494
0.3627219 0.4761867
0.3631098 0.8388998
0.4105291 1.174437
0.4949405 1.508359
0.3531382 1.174152
0.5578973 0.7339764
0.3891087 0.776531
0.3733463 1.970024
0.2481084 2.092906
0.2752204 2.784688
0.2920617 4.495774
0.3144523 6.830021
0.3296824 8.303357
0.350877 7.770188
0.3359165 5.311056
0.356543 6.058541
0.3717829 3.061858
0.3568168 6.331814
0.4046162 7.794092
0.2933983 7.971979
0.5186556 6.21499
0.2219572 5.568525
0.343036 9.235969
0.3144303 12.11142
0.3679442 12.27247
0.330674 6.773313
0.3859985 2.705602
0.392603 2.988639
0.3472503 2.748021
0.3683536 2.816539
0.3536328 2.382536
0.3721041 1.728654
0.4829041 1.811441
0.4102524 1.100358
0.3740787 1.566279
0.4167772 1.357942
0.286703 0.9938407
0.4861719 0.7925092
0.4841635 0.384818
0.5491487 0.2984781
0.4570094 0.15549
0.4074358 0.2159665
0.5462131 0.6250576
0.4208042 0.529564
0.3583394 0.5904547
0.2870156 0.4140952
0.4026296 0.6503957
0.3979706 1.015831
0.3600375 0.5689622
0.4057043 0.6664309
0.4050446 0.547461
0.3240346 0.3147319
0.3026088 0.5847612
0.3858888 0.389331
0.2763577 0.3904725
0.3998945 0.4313349
0.2766606 0.4994257
0.5127272 0.7185765
0.4065498 0.603759
0.4410058 0.4033566
0.2484281 0.3956544
0.3784843 0.5522551
0.541622 0.5425322
0.2849912 0.83486
0.4191915 0.8225941
0.2730833 0.8276303
0.4527636 0.8993717
0.3320659 0.7943091
0.5301981 1.302369
0.4778468 0.844693
0.3840743 0.9723462
0.3316629 0.3914633
0.2042059 0.460791
0.2418599 0.7928692
0.5127357 0.9750078
0.4379824 0.6950219
0.2911485 0.7919165
0.293574 0.6003701
0.328698 0.2769001
0.1709666 0.1934433
0.2574349 0.08668712
0.3552557 0.1018191
0.278992 0.1445333
0.3753727 0.05331417
0.3989745 0.08416723
0.5271618 0.05181387
0.4038333 0.07108106
0.1632874 0.05782022
0.4673163 0.04470409
0.4481282 0.04204623
0.473118 0.09750662
0.5698696 0.2110307
0.1636448 0.2905166
0.2750754 0.9580326
0.4474945 1.242843
0.3786125 1.420092
0.272119 1.374198
0.4996646 0.7830339
0.2648912 1.660485
0.3976041 1.12276
0.4253575 0.7471707
0.2976356 0.4640268
0.4476576 0.363903
0.303134 0.3638262
0.3457995 0.9682157
0.3866101 0.5229366
0.3688508 0.494196
0.4258996 0.3766912
0.4127313 0.2331032
0.3693765 0.2185287
0.3684772 0.1561042
0.5062566 0.1220727
0.3245211 0.2407399
0.3500047 0.3024573
0.3083296 0.2474267
0.2671662 0.2709729
0.2728062 0.2344068
0.3916073 0.2418286
0.4980763 0.190039
0.4720742 0.367396
0.7059601 0.5317562
0.3309612 0.4416347
0.3632561 0.5392805
0.2127663 0.4047633
0.3364897 0.8311559
0.3627415 1.173856
0.3873041 0.4886284
0.3432018 0.5553412
0.5633879 0.457393
0.310642 0.4341617
0.532097 0.3479405
0.2872286 0.3050133
0.3950928 0.8073711
0.391276 1.233073
0.2994198 0.5983264
0.2368718 0.2935216
0.3317539 0.3862686
0.5586358 0.3919444
0.4291068 0.1608478
0.2594908 0.2207581
0.5704755 0.219207
0.4493521 0.06997363
0.3662961 0.1855236
0.3314455 0.1490316
0.4563934 0.2546675
0.1678117 0.1623611
0.3611725 0.2054245
0.4677226 0.2401792
0.4613659 0.5178709
0.2213063 0.6223063
0.416963 0.5791493
0.5214041 0.5075824
0.3334105 0.6030713
0.2304199 0.5862486
0.2038803 0.4441002
0.393986 0.7087647
0.38487 0.8903911
0.4280069 0.49769
0.2365237 0.961784
0.1498715 0.7927968
0.4725427 0.3358327
0.3475906 0.2931713
0.3653927 0.3176667
0.3233637 0.2000266
0.4946352 0.3191491
0.1818668 0.4252493
0.2969529 0.5135204
0.2286745 0.6106547
0.3947786 0.6615287
0.5498493 0.5488033
0.4039556 1.178192
0.4345684 0.601973
0.3909465 0.9226216
0.4673979 1.304809
0.3876854 2.158644
0.3441258 1.434324
0.3472901 1.444622
0.3002505 0.9064736
0.5549996 1.645946
0.4087724 1.635943
0.4706764 2.579505
0.3006876 1.396785
0.3783278 0.8492702
0.3922918 0.6148754
0.1972955 0.3063045
0.4628613 0.4720899
0.3612746 0.4128047
0.4003699 0.246259
0.3375401 0.5457261
0.3825234 0.7988835
0.5051764 0.4101027
0.4848563 0.3701483
0.5107014 0.3451475
0.4345474 0.432012
0.2923301 0.2043259
0.3620588 0.2336069
0.2172868 0.2010279
0.3722292 0.1696956
0.2962602 0.2301757
0.3928172 0.179845
0.49645 0.1330389
0.1796602 0.1501105
0.3976783 0.1116898
0.4659559 0.2095741
0.3751532 0.268549
0.204339 0.2863421
0.3340348 0.3087075
0.2820279 0.4914478
0.6170752 0.5111639
0.4548106 0.3492103
0.3373652 0.2391105
0.4257214 0.3188731
0.1882155 0.1835036
0.2692477 0.3334537
0.1325776 0.3288549
0.3148289 0.5057652
0.3644253 0.5609349
0.392182 0.8250487
0.3881494 1.193681
0.3188319 0.7048023
0.5187323 1.028726
0.475264 2.51456
0.3709283 1.501899
0.4513756 2.105417
0.3787111 1.785646
0.4699743 1.3277
0.4186793 0.6533936
0.4265959 1.094331
0.2832201 1.431873
0.3082011 1.714294
0.4442692 1.5478
0.2713571 1.898454
0.2994527 1.216412
0.2578219 1.057728
0.2935749 0.6404074
0.3194151 1.062338
0.4113457 1.088438
0.2254028 0.7188785
0.3143871 0.9742111
0.216038 1.557864
0.3110431 1.345573
0.2862152 0.7296335
0.2150322 0.8564428
0.4783717 0.6393383
0.3615917 0.4330556
0.53154 0.3823844
0.3444711 0.4333908
0.2734108 0.2344315
0.2327083 0.3177729
0.3247274 0.1894605
0.2889655 0.1412641
0.6260921 0.09975911
0.3558566 0.1011211
0.3249061 0.1771336
0.4304332 0.1425058
0.3624821 0.1283932
0.4445716 0.2125421
0.4308205 0.2557469
0.2755629 0.1679192
0.2104191 0.1918893
0.4365994 0.2127711
0.4515993 0.3233765
0.3560541 0.4245908
0.4506146 0.4161252
0.2215619 0.7182285
0.3157832 0.3494992
0.2892827 0.6043593
0.3511449 0.2642912
0.3643884 0.1911469
0.3928819 0.1899014
0.3740122 0.5658446
0.5710815 1.298752
0.4286133 1.427874
0.2262344 1.016929
0.4972249 0.8857629
0.3660407 0.7918765
0.2765816 0.4417571
0.4119002 0.6060721
0.1212672 0.8046903
0.3724863 0.3478777
0.3507237 0.4772351
0.234743 0.4750211
0.3283968 1.030611
0.4015273 1.014481
0.4685248 2.077237
0.2830613 3.760515
0.4110592 3.561882
0.3051835 2.475786
0.2583742 1.731564
0.3589328 1.681908
0.1666107 1.331321
0.2626988 0.8642695
0.3949338 1.409249
0.2476311 1.735796
0.2462606 1.433853
0.2868214 0.9922391
0.3299543 0.9194883
0.3779074 0.7424931
0.4166936 0.817176
0.4663603 0.8224689
0.4210713 0.7717675
0.3767111 0.8704783
0.4576088 0.8494157
0.4187327 1.009128
0.2052452 0.7249837
0.2978176 0.4615497
0.3323673 0.3388283
0.4197901 0.581939
0.3032077 0.2069341
0.1515296 0.2077666
0.4119983 0.1000035
0.297221 0.09931981
0.5069761 0.07148775
0.5073963 0.1981433
0.4792885 0.1181492
0.5194498 0.1345889
0.3485365 0.09767695
0.5112428 0.1025894
0.3919115 0.05741142
0.5499155 0.09436677
0.3795761 0.1377048
0.4694687 0.1722559
0.2745423 0.2507142
0.535785 0.161509
0.3062127 0.2037781
0.3499149 0.2143333
0.2334576 0.1717221
0.2338614 0.1226493
0.2191284 0.1563786
0.4288442 0.1294391
0.3179166 0.131158
0.404671 0.07326192
0.363327 0.1009688
0.4780982 0.1789007
0.3737199 0.1832995
0.516534 0.07773512
0.5015391 0.1114755
0.4050154 0.2090395
0.2671766 0.2764076
0.5079021 0.2065336
0.4531313 0.1719287
0.353791 0.231489
0.4138727 0.3890299
0.5270699 0.3363924
0.2651758 0.3574088
0.3401833 0.2753205
0.4660225 0.5298133
0.2864942 0.951394
0.3744018 0.9987456
0.5179214 0.7460328
0.2943427 0.6334915
0.3030285 0.8610166
0.1927218 0.6552163
0.5550705 0.4966361
0.386206 0.5062027
0.3326917 0.2790295
0.4267818 0.3856441
0.5635667 0.1544839
0.3727974 0.2147968
0.5015853 0.2378393
0.3289417 0.4214851
0.491196 0.5332996
0.30815 0.3507129
0.2786181 0.7331944
0.4076469 1.259499
0.2674067 2.210233
0.2682251 2.908687
0.3528436 3.731572
0.281167 3.193858
0.288348 3.295486
0.2496539 2.348979
0.2777142 1.577395
0.4707101 0.7477153
0.3712506 1.541054
0.4616439 0.4844564
0.5217171 0.3602562
0.4665318 0.6336857
0.3870678 0.8945943
0.3211542 1.383492
0.4788429 1.593579
0.242171 1.04185
0.4394026 1.904735
0.3084475 2.538256
0.4413215 2.94458
0.2691045 1.354574
0.5343104 0.692315
0.3464548 0.6181765
0.2876188 0.7055869
0.3669679 0.4732173
0.2678695 0.3811212
0.5563618 0.4532243
0.3200846 0.322828
0.2008474 0.2967036
0.3482361 0.3172781
0.2645902 0.4431079
0.4803172 0.5943548
0.3286773 0.7285456
0.4519092 0.2736746
0.4074981 0.2097419
0.3592038 0.1997577
0.1606776 0.1111979
0.3477978 0.1351349
0.2827869 0.163417
0.2567308 0.1471278
0.2997616 0.1745995
0.3662739 0.1605965
0.1815189 0.08585213
0.3433772 0.07526007
0.3889188 0.124748
0.3468783 0.1890996
0.389474 0.3516091
0.3895443 0.2296975
0.4249634 0.3287014
0.4808498 0.1922519
0.5189438 0.2447268
0.3637339 0.2553787
0.3133066 0.2366522
0.1761692 0.5814333
0.3587994 0.8706816
0.3721736 0.7314939
0.4416171 0.7976787
0.4093601 0.6170475
0.4034586 0.3505178
0.3941929 0.1911189
0.4792164 0.3252241
0.3921747 0.2010039
0.5141198 0.09508948
0.2616846 0.1149973
0.3803822 0.1196338
0.3277714 0.07967684
0.3516017 0.1265967
0.2733948 0.218117
0.3268763 0.1738909
0.3257162 0.09208941
0.3743794 0.07344661
0.3791114 0.05773204
0.3169797 0.05023181
0.329077 0.02562315
0.2908819 0.03869026
0.3712933 0.05764711
0.5505727 0.1216797
0.3444702 0.1130527
0.4906378 0.2722752
0.4474708 0.1756049
0.1824893 0.5804943
0.2460678 1.041041
0.4927321 1.268846
0.333639 1.607405
0.2625899 2.065095
0.5136032 2.318597
0.3920613 3.948839
0.3282644 4.395865
0.232093 2.087573
0.2555552 1.298027
0.3599046 1.227032
0.5113321 0.9066105
0.2795747 0.5927109
0.2828343 1.266107
0.3566512 1.594285
0.2196748 2.498358
0.2755322 3.191034
0.3675379 1.749601
0.3906331 3.079221
0.3978969 2.599908
0.44961 2.9375
0.4146724 2.388419
0.5931342 2.415978
0.3299224 1.97292
0.3734495 2.056765
0.3274144 4.656345
0.2250646 2.419249
0.4702704 1.684241
0.4878112 0.9695266
0.4341684 0.6455749
0.4330824 0.9701299
0.2760917 1.273067
0.540599 1.994679
0.5592077 3.05472
0.4716648 1.352643
0.3626562 3.69153
0.2807391 2.604283
0.5059215 1.721555
0.4132241 0.7363118
0.2614481 0.8919051
0.2993148 0.715283
0.3300837 0.7535236
0.4121378 0.4832984
0.3788218 0.4554994
0.4670326 0.4920362
0.4140942 0.6079629
0.3362184 0.5056385
0.3981144 0.5482942
0.2554177 0.4294996
0.4571757 0.2072461
0.5511056 0.3470629
0.3508223 0.1356104
0.4487242 0.1570072
0.3593467 0.4222138
0.2485213 0.4525742
0.2602274 0.2908004
0.4650306 0.461388
0.2954867 0.374637
0.4810762 0.2008219
0.552369 0.2762227
0.316861 0.183426
0.4945048 0.1663432
0.4094168 0.3627915
0.3620355 0.311449
0.4545411 0.1151174
0.3070654 0.1538632
0.4606446 0.08149918
0.4691509 0.05123043
0.5115815 0.1456105
0.4521418 0.2610526
0.2747529 0.19093
0.3700815 0.3324068
0.4013015 0.1786046
0.3409267 0.07000021
0.3979534 0.08019693
0.3461751 0.1072044
0.4634118 0.05346559
0.2726123 0.08166755
0.3712575 0.09955852
0.5340582 0.05128712
0.4829883 0.09695187
0.2535147 0.03854075
0.3817909 0.0442873
0.3829727 0.1003798
0.4173344 0.1928101
0.3821671 0.09961758
0.2771815 0.1915952
0.4880885 0.1270998
0.1640589 0.09926736
0.2235819 0.1085228
0.3623653 0.0818609
0.3190714 0.1533949
0.5813567 0.1109814
0.3013524 0.1474958
0.4094406 0.2155014
0.2790244 0.1441191
0.4350827 0.09087199
0.3485372 0.1471155
0.3917322 0.2918434
0.3378249 0.2029889
0.2439796 0.2738754
0.5119488 0.2069094
0.4401737 0.1161597
0.4550878 0.1778762
0.449969 0.2982149
0.4220512 0.2557424
0.5258161 0.2166913
0.4053493 0.3286484
0.5268375 0.5595086
0.3573743 1.079433
0.4965161 0.6225982
0.340503 1.557617
0.4449575 1.769527
0.3189517 2.728944
0.3437561 2.266989
0.4014939 2.353446
0.4365055 2.423191
0.3850042 2.301598
0.4649028 1.440575
0.5348973 1.008791
0.2137951 1.462415
0.3855977 1.281392
0.3515983 1.290327
0.4166302 1.957486
0.332332 0.8071523
0.3460847 1.009533
0.3616202 0.6751487
0.3419028 0.5948997
0.375042 0.3581674
0.392826 0.262303
0.3096377 0.3005192
0.3740823 0.2245293
0.2473595 0.2635598
0.4216124 0.2589556
0.5622179 0.3376609
0.3346597 0.3771318
0.3343176 0.469776
0.3827588 0.5335828
0.2541122 0.5685604
0.3476777 0.3268309
0.3742653 0.1459001
0.390923 0.1331458
0.3150224 0.1113601
0.4556541 0.09860463
0.3526644 0.1098798
0.4329756 0.05656404
0.3187116 0.06098303
0.392542 0.1020047
0.5459023 0.05544351
0.3543744 0.06824088
0.3261385 0.05315353
0.1996691 0.09043445
0.5829215 0.09717115
0.4096083 0.1677477
0.4124233 0.1153652
0.2689191 0.2131075
0.3457989 0.3695319
0.5570043 0.5616918
0.4134813 0.5722865
0.4473152 0.3017247
0.4078346 0.218725
0.4170602 0.1859046
0.3479525 0.1325004
0.2622969 0.1739258
0.4760017 0.05539937
0.3692822 0.08023112
0.3221499 0.0709824
0.3039409 0.047981
0.4348408 0.1790764
0.1554248 0.3257904
0.2411518 0.4744472
0.3519407 0.406078
0.2482127 0.5478782
0.302945 0.8201154
0.4305835 0.9784861
0.3871654 1.390701
0.2755524 0.7574745
0.2926831 1.214637
0.4594254 1.447161
0.1854988 2.500302
0.5263959 2.034098
0.3017033 2.569611
0.4896416 3.358839
0.3002539 6.151692
0.3183455 3.674681
0.2738614 3.32485
0.2056021 2.104586
0.4128781 1.463509
0.533061 1.971626
0.2687044 2.651848
0.3622644 3.531521
0.5144503 5.382239
0.2748577 2.296402
0.3686924 1.54666
0.5359211 2.291555
0.3303288 2.443268
0.313789 0.831513
0.2438111 0.5349275
0.4023689 0.5561407
0.1270185 0.4164729
0.2280758 0.3253843
0.3044239 0.2125219
0.2210186 0.2394478
0.3449475 0.3269939
0.3119321 0.4847443
0.3117999 0.4423448
0.2835073 0.4992136
0.2492173 0.1773815
0.2627217 0.2726755
0.2738851 0.3236087
0.4047109 0.3236597
0.3826349 0.2214235
0.3353078 0.2377604
0.3012093 0.1790026
0.377334 0.1893779
0.3747141 0.2288701
0.3610711 0.3345831
0.3888421 0.5690264
0.4316128 0.5610862
0.3336107 0.6232843
0.4169731 0.4637476
0.2794867 0.2182304
0.6044599 0.1475813
0.4333357 0.09072213
0.4839207 0.1950191
0.5282048 0.1944759
0.33557 0.1430689
0.4420915 0.1500227
0.3589272 0.1180555
0.4556944 0.134433
0.3919022 0.1551779
0.3209931 0.3575261
0.3673682 0.3577363
0.2082992 0.6144881
0.3438898 0.3223828
0.2879054 0.1288085
0.28329 0.1378417
0.4561188 0.1885521
0.3814188 0.1232357
0.5429728 0.09303293
0.4301376 0.07495186
0.4773411 0.09208311
0.5547192 0.07439322
0.4082849 0.07352842
0.4543413 0.08132307
0.2722318 0.1277822
0.4621764 0.2142611
0.4125277 0.08410679
0.3170163 0.1117008
0.5220069 0.1169725
0.4777781 0.154306
0.2898283 0.1393018
0.2257813 0.07603595
0.3560473 0.08588635
0.3676523 0.1561562
0.52299 0.1352632
0.1530335 0.1050963
0.3272672 0.07466848
0.4437681 0.04550492
0.3642881 0.01977764
0.4681734 0.04203945
0.1864191 0.05333046
0.3607289 0.05255334
0.6061158 0.06016576
0.2962057 0.05085333
0.3764726 0.07785818
0.3163166 0.06198418
0.4342943 0.06573135
0.5078343 0.06199232
0.4833526 0.08535318
0.3267085 0.0343822
0.5762307 0.05233513
0.5118342 0.0800262
0.3848786 0.06895998
0.3013984 0.2234617
0.3974882 0.2210555
0.3268672 0.106694
0.5068131 0.120425
0.4844065 0.1769284
0.3955875 0.1386309
0.5373492 0.1979319
0.5197619 0.1077449
0.3381551 0.06199489
0.3232317 0.09080254
0.4596033 0.08000791
0.4021096 0.1519168
0.4390683 0.1437585
0.301311 0.13692
0.363552 0.1122168
0.4547758 0.2514226
0.3814971 0.4754089
0.4887518 0.5365983
0.3369095 0.5166115
0.3947229 0.2906903
0.2733925 0.3799835
0.2979218 0.6645133
0.4017171 0.415167
0.3374617 0.4962858
0.2401531 0.2672878
0.3418998 0.3989774
0.2385597 0.3359457
0.4803469 0.3236776
0.3367548 0.2344248
0.3910189 0.1235466
0.2077814 0.1079532
0.3966545 0.192385
0.4376669 0.519681
0.4378239 0.4225087
0.3449317 0.1938113
0.3344218 0.1773173
0.3271638 0.285989
0.4207503 0.1177664
0.3968231 0.3535301
0.3900326 0.301042
0.2180504 0.3311066
0.4423669 0.3101239
0.3135369 0.3358561
0.3884454 0.1391555
0.4748034 0.08402365
0.413326 0.03827467
0.2780926 0.0327857
0.5575732 0.05924759
0.2875372 0.0620033
0.34412 0.08540949
0.2952185 0.1271325
0.5518599 0.1562891
0.4039646 0.1477898
0.4738931 0.08505682
0.5457671 0.08688191
0.3980066 0.08273002
0.4530315 0.06120989
0.3526919 0.02908606
0.3575338 0.08371623
0.3616389 0.09068882
0.4206539 0.0849899
0.358919 0.1698706
0.1968924 0.1363151
0.4758802 0.1815306
0.3554829 0.1817201
0.3905394 0.1623171
0.466703 0.1827581
0.3461316 0.1484357
0.3608737 0.2185306
0.4883307 0.4950952
0.3706257 0.5996867
0.6525821 0.4752356
0.2812803 0.66218
0.2801562 0.3668986
0.28096 0.3051285
0.404975 0.4442736
0.2574169 1.713613
0.3282261 0.6685746
0.3323397 1.301404
0.3992216 1.050673
0.4244827 0.6255543
0.3471007 0.704851
0.2633893 1.184284
0.3006415 1.788802
0.4776609 1.534174
0.2897579 1.871687
0.2934307 1.989771
0.3399958 0.9516488
0.3979033 1.586113
0.2506614 2.171881
0.3260444 1.222458
0.2558112 0.8993348
0.5158419 0.7297074
0.3896279 0.9005645
0.3013973 0.4761416
0.3281207 0.5819747
0.4000589 0.1818554
0.5020253 0.1461582
0.3841041 0.1369834
0.4475803 0.0730599
0.5015046 0.0868612
0.3180155 0.1124863
0.3847682 0.1230024
0.4948899 0.1392327
0.3111178 0.2180181
0.3568688 0.315305
0.4046767 0.3220652
0.2938433 0.3154228
0.465858 0.2964578
0.2752561 0.2788251
0.2516637 0.3955411
0.3938237 0.4118429
0.289773 0.622065
0.4040701 0.5086542
0.3928731 0.4339643
0.4026008 0.2395566
0.3355335 0.5878948
0.298485 1.084479
0.3040717 0.5199655
0.31918 0.4325226
0.4130064 0.3874527
0.2792382 0.4698645
0.3445191 0.4600242
0.3497612 0.260287
0.4689699 0.3344642
0.488962 0.2346609
0.2729844 0.1952137
0.5200557 0.09512954
0.4179454 0.1317397
