-0.01179932
0.007877582
0.01027335
0.002258097
-0.005891601
0.003483074
0.007398731
0.005136785
-0.001917076
0.001926662
0.007685817
-0.006543509
0.00111717
0.002786107
-0.0006499972
0.009428042
0.008440564
0.002292586
-0.01139538
-0.004685623
0.00311771
-0.005079865
0.0005644525
0.006167845
-0.002207501
-0.004657306
0.006990937
-0.008900475
0.00247246
-0.007279122
-0.004071174
-0.0004800025
-0.01183322
0.00241573
-0.0004686889
0.002645433
-3.33192e-05
-0.0003822869
0.00752795
-0.01478642
-0.005985239
-0.001861305
0.004099375
-0.005697223
0.008301854
-0.001309996
-0.003139002
-0.001398345
-0.002064126
-0.004003424
0.001952146
0.008483967
0.002406729
-0.001462485
0.003691033
0.001484074
-0.0007988622
0.0130282
0.002487305
-0.0007669735
-0.006880414
0.008974407
0.002770352
-0.0001871855
-0.004162684
-0.001497531
0.001660262
0.007140751
0.0006405783
0.002217343
0.004809286
0.01215191
-0.004940535
0.003838621
0.002160384
0.008607456
0.007503309
0.001763658
0.006018617
-0.002547475
-0.004209788
-0.003215325
0.0002307235
0.002524552
0.001363158
0.006778539
0.004851799
-0.003812578
0.004785056
0.01085868
-0.0004880496
-0.002161213
-0.00287976
-0.00853347
-0.006041703
0.00827886
0.003225442
0.003286767
-0.003048655
0.0009260593
0.006167988
0.001249052
0.001748266
-0.003700033
0.007808283
-0.01053818
0.001241929
0.0008641943
-0.003865614
-0.0009206953
-0.006161571
-0.001133738
-0.007161739
0.001367262
0.001738041
0.009333028
-0.006025626
0.004733035
-0.0002187779
-0.002261926
-0.002943243
-0.005448045
-0.001831418
0.002733504
-0.001536188
0.01003203
-0.005072929
0.003617165
-0.002868258
-0.003282104
-0.002326893
0.0007106937
-0.003359548
-0.002851698
0.001592199
0.001501959
-0.002884281
0.007415238
-0.009885339
0.007233569
0.005884097
-0.004206451
0.004531308
-0.0008130676
0.002822562
0.00492556
0.000384501
0.001355885
0.001275576
-0.005554059
8.276925e-05
-0.007545271
-0.0003848889
-0.003559127
-0.0006671277
-0.005984598
0.004154777
-0.005362971
0.01005668
0.002707469
-0.005880147
0.001415276
-0.002802138
-0.0004367479
-0.002904115
0.006233941
-0.005512975
-0.004151702
0.004605804
0.001682483
0.002712429
-0.002344739
-0.0001185398
0.002899856
-0.005385475
0.005093792
-0.004394696
-0.007507117
-0.006066015
0.004094386
-0.004731812
-0.007327594
-0.007949738
0.003876792
-0.0002701442
-0.007055018
-0.002314908
0.00050654
0.01173153
0.001414178
-0.0005323749
-0.00347244
-0.004389043
0.006117582
0.006611427
-0.005753317
-0.004370311
-0.007500656
-0.01341036
-0.006028201
0.003691534
0.009392033
0.01158524
0.003193587
-0.004966003
-0.001815122
-0.01096554
0.001153397
-0.003354906
0.00994833
0.001261408
-0.006911131
-1.564402e-05
-0.002198674
-0.003001814
0.006063612
-0.00281824
-0.002093698
-0.003764131
0.005179715
-0.005557017
-0.004013694
0.001377846
-0.004249934
-0.004181929
0.004211469
0.005596631
0.009985906
0.005185441
0.004072061
0.003843981
0.01450307
-0.001132852
0.001105745
0.002476009
-0.001051521
-0.003083628
0.01173004
0.002848579
0.00184771
-0.00884772
0.002346225
0.004924555
-0.004314773
-0.0001262727
-0.008118621
-0.00435739
0.004020954
0.003292396
-0.01093891
-0.006404326
0.00318303
0.002725954
0.004431069
0.004476971
0.003589091
-0.002711302
-0.002108299
-0.007164645
0.001682723
0.002397859
0.001890744
-0.003337055
0.00759922
-0.007986437
-0.002334413
0.005061966
0.001173448
-0.00828004
0.007657813
0.006971383
0.003238232
0.0001060868
-0.004013206
-0.007068436
-0.006736918
0.008449418
0.003597833
-0.008112816
-0.00195118
-0.004313182
-0.01064403
0.003907681
-0.001291359
-0.008276857
-0.002088104
0.007417461
0.00110753
-0.002322725
0.006501898
-0.005263581
-0.002164254
-0.0001508941
-0.01586725
-0.00573997
0.004184852
0.002902151
0.004744774
0.003792042
0.00259079
0.002248563
-0.0007407568
0.005977329
0.00471471
-0.002373732
0.0003880707
0.006405371
-0.0002289606
-0.002803101
-0.001505921
-0.002518517
0.0008296977
0.004100616
-0.006357496
0.004403842
-0.004788337
-0.001602991
0.005625413
-0.005649749
-0.0003286631
-0.004645723
0.0002301012
-0.001396435
-0.00111147
-0.0009366872
-0.003303838
0.003111186
-0.001764027
-0.001830691
-0.003049199
0.007610504
-0.008555392
0.006413396
-0.005331243
0.006829211
-0.0009183463
0.00559536
0.0004622901
-0.004704082
-0.002254543
0.003609297
-0.006770549
-0.002759096
-0.006658911
-0.0008496346
0.008851466
-0.004600065
-0.003890983
-0.004700825
-0.004287721
-0.009894573
0.002374241
0.01244969
-0.005388926
-0.001286459
-0.007037162
0.001547813
-0.001855686
-0.001226031
-0.003903826
-0.005429456
-0.002962155
-0.0016937
0.002428723
-0.002654497
0.009495387
0.001327842
-0.01059583
0.003648818
0.002442144
0.001992832
-0.003879518
-0.002499166
-0.00127063
0.00566729
0.01590903
0.003065518
0.007008327
-0.003426259
0.00326903
0.007676591
-0.002151876
-0.003282468
-0.005119165
0.008526358
0.013619
-0.0003487801
9.683677e-05
-0.005821371
-0.0154853
-0.002858056
0.004545777
-0.007899113
-0.008538787
0.003448759
-0.007552556
0.005085122
-0.006784021
-0.006343688
-0.001832744
0.01082293
-0.0005226182
0.00721093
4.595283e-05
0.006862462
0.004405248
0.008416114
0.003513113
0.00194253
-0.001455708
-6.910706e-05
0.001524115
0.0008333621
0.002595821
-0.0007036909
0.002000553
-0.006961074
-1.86639e-05
-0.0005775075
-0.004841308
-0.0007333694
0.006708562
0.005021886
0.001054591
-0.004016434
-0.0007628136
-0.000455355
-0.002682567
0.007669174
0.005051959
-0.001322298
-0.0007570673
0.006261353
-0.003902563
0.004544974
-0.001701865
-0.009775332
-0.003236238
-0.004727165
-0.0134974
0.00884082
0.006039556
0.0005403019
-0.001143531
-0.004672978
-0.005093529
-0.002301974
-0.003005127
-0.002027826
-0.003757573
-0.002431245
-0.00698183
0.00590525
0.0008313106
0.006922396
-0.006625229
-0.004591295
0.002296475
-0.009060019
-0.005620876
0.001523789
-0.01063658
0.000704305
-0.001688953
-0.006009227
-0.009443469
0.00105188
-0.001352791
0.00503121
-0.002954466
0.007110358
-0.007332241
-0.0004581368
-0.004609087
-0.00306716
0.004795109
-0.001796084
-3.124522e-05
0.0005971564
0.006053678
-0.004967435
0.006772141
0.003865288
0.001368967
-0.005835942
-0.004665289
-0.00618371
0.00268294
0.00756705
0.003366068
-0.001362914
-0.00937675
0.005079016
-0.007931953
-0.002599039
-0.0005269527
0.002203908
-0.001834165
-0.00247977
-0.003068177
0.01206726
0.004831925
0.004628531
-0.002820692
-0.005071333
0.009144556
0.004473094
-0.004418657
-0.001312936
-0.007348606
-0.01064951
-0.008257314
-0.005582913
-0.01573478
0.005285163
-0.003371788
0.0005067251
0.002910627
-0.001663579
-0.0008261725
-0.0001550339
0.008749429
0.003875132
0.005356727
0.003172431
0.002883372
-0.0003137754
-0.002148214
0.002211023
-0.002056436
-0.009752452
-0.01420585
-0.003820672
-0.003618288
0.007520115
-0.002398335
-0.01821082
0.0004857768
0.0007136347
-0.004145211
0.0004277489
-0.008067657
0.000910186
0.00121365
0.01011595
0.003715378
0.003708391
-0.0009770285
-0.0004579635
-0.00205951
-0.008796719
0.004571486
-0.008754574
-0.008009822
-0.0007057613
-0.002509222
-0.004476828
0.007532007
0.001125722
0.003212387
-0.0108221
0.009479445
-0.01278843
-0.002487849
-0.0008649135
-0.001869101
-0.00324225
0.005547433
0.002686699
0.008982973
-0.00179432
-0.00444541
0.01277521
-0.004935394
-0.005971442
-0.008258314
-0.001050524
-0.004990228
0.006412901
-0.004827802
0.00267312
0.0115014
-0.002569309
0.004858431
-0.008512334
-0.0001042818
-0.009854985
-0.0009217308
0.006136319
-0.009752278
0.001164409
0.0003421072
0.0009176365
-0.001325547
0.001407927
0.007713582
0.008430229
0.00562754
-0.002218545
-0.008158719
0.0004446368
-0.004002005
-0.008775465
0.004811319
-0.002251348
0.004211168
-0.0001283032
-0.009787356
0.006997383
0.003009596
-0.006407016
0.0008219293
0.001622645
0.002665584
-0.002377425
-0.009399353
-0.001191862
0.006258269
0.002547268
-0.000428674
0.004471649
-0.001573946
0.001776611
0.002603592
0.003666509
-0.009028819
0.004312388
0.001861972
-0.008929033
-0.001059362
0.009163756
-0.007253933
0.001638213
0.003590335
-0.001946851
-0.001039125
-0.0001824475
0.004486444
0.01111006
0.004308031
-0.006791495
0.009851156
-0.002215261
0.00140134
0.004347446
-0.008743192
0.002164091
0.008373101
-0.0002906254
-0.00263485
0.002078949
0.001967788
0.003853169
-0.002307891
0.0003304427
0.005815768
-0.007063917
-0.003123192
-0.002643713
-0.007953076
0.005050573
-0.003073123
0.01106027
-0.000640591
-0.0002830437
-0.001438078
-0.007857429
-0.008661395
0.005964945
0.008293514
-0.003276093
-0.004257507
0.01101369
0.002664117
0.0065963
0.003477114
-0.007439232
-0.001812132
0.001474516
-0.002711286
0.004289135
-0.001581558
-0.0007956682
-0.003790928
-0.002126144
-0.009414494
0.001852073
0.001407018
-0.000113662
-0.001457659
0.003018678
-0.002198941
0.005722787
0.003359296
0.001061398
-0.003406021
-0.002248486
-0.002688935
-0.004426808
0.009716627
0.002332918
-0.003645773
-0.004610976
-0.003170952
-0.0005938142
0.006736328
0.004013208
-0.0009493793
-0.003276421
-4.945055e-05
-0.003188706
0.003229712
-0.001814099
-0.01490815
0.001160433
-0.002178147
0.002091528
0.007825111
0.001789125
-0.001637743
-0.0006679149
-0.006681207
0.004827861
0.006773278
-0.001200877
-0.001355726
0.0007992905
-0.006216997
-0.002954257
0.002917221
-4.73807e-05
0.0002417893
-0.003023789
-0.008139051
-0.004837005
0.003724908
0.006509858
-0.006622905
0.005488065
0.01237274
0.01001641
0.00127334
0.002278557
-0.004858879
0.003474101
-0.01289495
-0.005234873
-0.005188394
-0.001259848
0.007917033
-0.002963978
-0.001930102
-0.01067857
0.002651436
0.003152514
-0.005365865
0.004621731
0.005055701
-0.0006463602
0.004767153
-0.007972225
-0.0032481
-0.007143549
-0.003419717
-0.002949422
0.0002793164
-0.003532812
0.005006675
0.005280271
-0.002392956
0.01129169
0.003743656
-0.006626249
0.004838775
-0.0004796491
0.008166018
-0.0001841146
0.002458222
0.003718407
0.002821082
0.0005676301
-0.0004871182
-0.00211438
-0.006823037
0.004024919
0.002626177
-0.00669039
0.006179132
0.0002846802
0.002996182
-0.007232477
-0.001759409
0.0077673
0.01158823
-0.007684264
0.003670242
0.0101514
0.01340929
-0.008949578
0.005986026
0.0002903699
-0.001602595
-0.005158741
-0.001691233
-0.0007012227
-0.004046527
0.002398693
0.001836759
-0.009162
-0.0007641372
-0.007545877
-0.0001645343
0.002105978
-0.001757981
0.003088586
0.002461068
0.002648921
-0.007091953
0.006039524
-0.002023748
0.003775987
0.01279989
0.0003668631
0.007530478
0.001675353
-0.003734078
-0.0006367534
0.005972971
0.001038808
-0.003055857
0.004651361
-0.008070215
0.008398545
-5.588063e-05
-0.002729506
-0.001046673
0.0002548564
-0.001916114
-0.006618829
-0.002484617
-0.002439328
0.003847214
0.006138074
0.007099656
0.0067561
0.007683454
-0.01198199
-0.0008512364
0.003154494
-0.002996684
0.003886917
0.00784266
0.00321926
0.002176491
-4.620068e-05
0.005180604
-0.003924919
0.008673135
0.001434149
0.003797204
-0.008185645
0.0007775285
-0.002424538
-0.003284926
0.006282564
-0.001596077
-0.01303455
-0.002386466
0.00785708
0.005241494
0.00386203
-0.002507014
0.001111302
0.0006418137
-0.001456914
0.01837029
0.006188735
-0.004137123
0.005222118
0.003798799
-0.005613032
0.005745683
-0.00244675
-0.005926793
0.006474577
-0.007875429
0.001649276
-0.0005521885
-0.007152131
-0.001522884
0.008419354
-0.003866833
-0.004506905
-0.009073939
-0.006841953
-0.009840985
0.003465454
0.0006691425
-0.004509819
-0.002168437
-0.00776565
0.002845254
0.009375547
-0.001429123
0.002539107
-0.004670594
0.002354661
-0.004282121
-0.01233284
0.001022193
0.004011077
0.00824083
0.003606626
0.0007300483
-0.005185916
-0.005443165
-0.009641573
-0.0007144053
-9.836668e-05
-0.003558997
-0.004009924
-0.005752681
0.003935783
0.001734697
0.003826623
0.004986741
0.001500976
-0.004766906
-0.004741643
-0.001053352
-0.0002310435
-6.284833e-05
0.004879477
0.0002716459
-0.0001835463
-0.004629886
0.004903306
0.002467388
0.00095217
-0.00450215
0.01018412
0.0102864
-0.004761322
-0.002377675
0.008228442
0.008296163
-0.001237226
-9.210541e-05
0.002779669
0.003830935
0.008776373
0.002447865
-0.006691438
-0.002548443
0.003870971
-0.002574934
0.0117575
-0.004028581
0.006840312
-0.008475367
0.003922662
0.000297483
-0.001569084
0.004284507
0.004349805
0.005267418
0.003571965
0.003945474
-0.0001557547
0.009154371
0.0003368474
-0.004687198
-0.0007378926
-0.004376092
-0.0009934977
-0.008531917
0.0003952197
0.004838791
0.0005892717
0.00440152
-0.005166094
-0.01329344
-0.004673955
0.005784277
0.002816903
-0.003843426
0.003574615
-0.0007776671
-0.007437282
0.003790707
-0.002632683
-0.003917108
-0.01010394
-0.001576831
-0.002703716
0.004050992
0.0004836819
-0.004725516
-0.003104008
-0.002129648
0.003042312
0.008782393
0.006806674
0.002057128
0.003167722
-0.003356464
-0.003161158
-0.01025005
-7.531989e-05
-0.009645324
-0.006248508
0.003397328
-0.001166834
-0.002763063
0.003562038
-0.01616847
0.004162684
0.004006487
0.001044571
0.001230775
0.0003445729
-0.0004322908
-0.00484267
-0.0001018015
0.005641895
-0.0005406877
0.0004318891
0.0004096705
0.004834331
0.01543108
-0.008970048
-0.003513229
0.004425662
-0.002572584
0.002644056
-0.0022226
-0.0008589619
0.005350347
-0.005268312
0.002342919
-0.004409329
-0.00254743
-0.009754328
-0.0009049263
0.001715768
-0.00312276
-0.005592578
-0.004258804
0.001956368
0.005106601
-0.004591808
0.003232333
-0.002637631
-0.008411525
-0.00420718
-0.0004284592
0.01203776
-0.002548664
0.004155966
0.0003140629
0.004100769
0.01295339
0.004114433
0.004793486
0.005727263
-0.0008075645
-0.004997899
0.001185417
0.003284413
0.002212764
0.004089474
0.003811883
-0.00985461
-0.004457679
-0.008626828
-0.002671831
0.009744025
-0.0007173811
-0.0001302669
0.003294526
0.006100546
-0.0004402962
-0.002683268
0.003281588
0.002250916
-0.00418457
0.009248322
0.001042355
0.001092281
-0.007288838
0.002159443
0.003117025
0.009930306
0.001553298
0.002303929
0.002311393
0.002767081
-0.003758257
0.0081215
0.0003646603
0.006026119
0.0005482467
-0.00269582
0.002985504
0.001732341
0.006801715
0.003371165
0.001457913
-0.006340223
-0.01198089
-0.01228037
-0.005558145
0.005181442
-0.002233951
0.001256953
0.002458978
-0.002482086
-0.0002734058
-0.003590043
0.004497022
-0.0001996744
-0.0008482331
0.004063186
-0.008895761
-0.003601793
0.005650022
0.00150992
0.0001564093
0.006125803
0.006852752
0.001375351
-0.002114047
-0.00173585
0.001618573
-0.004418084
0.003997025
0.005655691
0.005215542
-0.003264747
-0.001419513
-0.0003880406
-0.001647348
0.007358632
0.0003855701
0.0037426
-0.002985755
-0.001348036
-0.02082973
0.0004828143
0.008875294
-0.001835373
-0.005001317
-0.005567936
0.004067553
0.001528663
0.00127208
0.003339339
-0.007460337
-0.002678281
-0.004326776
-0.003150242
-0.001712541
-0.00443358
-0.009807478
-0.004678351
-0.008660855
-0.003533589
0.01021071
0.0009720707
0.001512939
-0.00454798
0.01214222
-0.0029667
0.003575816
0.01173829
-0.001708756
-0.000727718
0.005179053
-0.001871727
0.003723886
-0.01116755
-0.002539508
-0.001984987
-0.0008216912
-0.004256156
0.00153224
0.007681219
-0.006896578
-0.006777664
0.00379408
0.008004423
0.001574073
0.004944734
-0.008226778
0.0001080718
0.005781232
-0.002000495
0.008149992
-0.003914887
-0.01009493
0.001624062
-0.000886062
-0.003947605
-0.006030056
-0.002372416
0.001234624
0.003707409
0.00518587
0.004673739
-0.002687006
0.00246159
-0.0004656028
0.002964074
-0.001846374
0.001528985
0.0009380981
0.0001486483
-0.006584563
-0.004692414
-0.01551414
-0.005927041
-0.0005566536
-0.003443719
-0.002658919
0.005339029
0.002102049
-0.01202484
-0.0001080747
0.01009167
-0.0002382541
0.007278577
0.01044721
0.007228676
0.008190858
8.209327e-05
0.007648534
0.003497623
-0.003472417
-0.000225289
0.00220979
-0.00812619
-0.0005112869
0.0007093577
-0.001958704
-0.0007450708
-0.002659483
0.008161552
-0.002090455
-0.002370931
-0.003130471
0.002890936
-0.006924904
-0.004236463
0.004919783
0.01052565
0.001326817
0.004073461
-0.001868167
-0.001975985
-0.007921315
0.004117975
-0.00160202
-0.001455418
0.004443161
0.01395029
0.008158852
0.004182433
0.01421008
-0.0003191579
0.00717285
-0.004258628
-0.001140217
-0.004321338
-0.002996538
-0.0004576622
-0.002917962
0.00981676
0.006432953
-0.006909072
-0.0008679803
0.006551962
-0.003686554
0.004334941
0.005364133
0.002927855
-0.01023822
-0.004304743
0.003876037
0.005235437
-0.004272515
0.003358536
-0.002863798
-0.004883479
0.001191783
0.0008130626
-0.002404289
0.008248027
0.002318316
0.001711222
0.01213388
-0.008482257
0.008712438
-0.002758257
0.005590882
0.005145687
-0.007954971
0.002601218
-0.008288873
-0.006991241
0.002231448
0.0129794
0.004243536
0.006140299
-0.004808962
-0.005231803
-0.0006807425
-7.247587e-05
0.001801637
-0.0008532593
0.007623542
-0.0004813409
-0.005582256
0.0007564152
0.008898821
-0.003246871
0.005757612
-0.003106297
-0.01160933
-0.00235854
-0.001748393
0.002806322
0.00399456
-0.003904277
0.008648514
0.0009143314
-0.00298089
0.00608658
0.0009235236
0.004015292
-0.004628669
-0.007845497
-0.007301934
-0.001037659
-0.002912206
-0.005579665
0.01074412
-0.002184794
0.005900621
-0.004650571
-0.0001618814
-0.01032863
-0.001531265
-0.008302117
-0.006795348
-0.00603616
0.00670455
-0.003003348
0.0005881284
-0.005076213
0.004041469
0.01141422
0.005552663
-0.005494678
-0.00554551
0.007369182
-0.0007371171
0.0007968144
0.007037777
0.0007742343
-0.009139834
0.002674699
-0.001494851
0.001832294
0.002067895
-0.001527427
0.001719121
-0.003794448
0.008928026
-0.008811383
-0.006950061
0.0007244144
-0.001710799
-0.002787946
-0.004468161
0.005189913
0.008228097
-0.002778348
0.005662237
0.0006597772
0.0002078277
-0.007142107
-0.001594582
0.001564145
0.00309766
-0.0008710514
-0.002021707
-3.686258e-05
0.004264376
-0.01390442
-0.002284129
-0.002017195
0.007651875
-0.01012759
0.01120568
0.003245168
0.008004168
0.004830739
-0.008957702
0.0002713802
0.00591468
0.002840954
-0.001588301
-0.008630165
-0.0009955162
0.002233921
-0.004324516
0.00296378
0.007252571
0.00854103
0.001681414
-0.001466478
-0.002367129
0.0005589244
-0.002763261
0.002935503
0.002054627
-0.00136165
-0.01335605
0.002633939
0.007263496
-0.00385517
-0.001308632
-0.01216546
0.00306126
0.001402412
-0.001733921
0.0114591
-0.01289547
0.002812817
0.006517078
0.004438494
-0.002203529
-0.001263126
0.01673924
0.0034451
-0.003968298
-0.005415619
-0.003186829
0.001155996
-0.004255552
-0.003220117
-0.001396224
-0.003161181
-0.003571049
0.007057117
0.003002832
0.002647927
-0.0044533
-0.004258713
0.006103906
-0.004914571
-0.0002573377
0.01101111
-0.00580603
-0.004884232
0.007064041
0.0004907656
0.0025725
0.001544799
0.002310051
-0.004295136
-0.0002818533
0.002086074
-0.005099702
0.0004436008
-0.008246521
0.002229102
-0.004681053
0.005334082
-0.01008351
0.005903988
0.0119508
0.006314664
0.008918903
0.008624187
-0.001740906
0.01151898
-0.0015301
0.000588162
-0.00708687
-0.006439191
0.008298421
0.002646715
-0.002643874
0.0008704169
-0.001972213
0.01078446
-0.0002490573
-0.01283139
0.0005440082
0.0005283766
-0.001689503
0.006832264
-0.005808595
-0.004011163
-0.0003080458
0.004830164
-0.005053149
-0.00629477
0.003030165
-0.001610759
-0.002159537
0.007866266
-0.0003129814
-0.001815704
-0.0007628345
-0.007688555
-0.0050653
-0.009953545
-0.001837078
-0.008524439
0.0005026636
0.005335039
0.004689435
0.0007685406
-0.006679881
0.0008415149
0.005244987
0.001913598
-0.005710237
0.002061234
0.008384418
-0.0069732
-0.009978485
0.0005306978
0.00491086
0.01533581
0.001141744
0.0002254395
-0.002716864
-0.01284538
0.01117329
0.008339449
0.01153809
0.0006184969
0.00764368
-0.007345829
-0.0004268871
0.006158207
0.003625572
0.002959294
0.005171613
0.005954702
0.001666547
0.003420673
-0.0007717018
0.004563813
-0.009331141
6.140166e-05
-0.003590873
0.001714262
0.004491811
-0.0008217873
-0.002992016
0.008691774
-0.001442025
-0.003122924
-0.001497775
-0.003848892
0.003848866
0.0001734322
-0.004572913
-0.0002693585
-0.002006933
-0.0002418709
-0.01175373
0.004324094
-0.002912874
0.003919512
0.001177873
0.00562247
-0.007992986
-0.0010673
-0.005896908
0.004255609
0.001535065
-0.009632842
-0.002292281
-0.007150775
0.01196356
0.001078593
0.001630972
0.002559958
0.004758612
-0.003742153
-0.002895056
0.006136035
0.006376886
-0.006160039
-0.0009672015
-0.000920413
0.001490293
0.006889835
0.008511329
-0.00708493
0.01866274
0.000238745
0.003490296
0.004144722
-0.0003614463
-0.00525348
-0.005228444
0.001314339
0.004004941
-0.002650356
-0.002491789
-0.004751609
0.0005005137
-0.006248142
-0.009016797
0.003422917
-0.002392829
0.005680458
-0.006122293
0.008685513
-0.0004111168
-0.0001286199
-0.005047263
0.004626889
0.001948076
-0.002116329
0.01348579
1.051708e-05
-0.001556222
0.01853415
3.228664e-05
-0.003404885
0.0007281726
-0.0005825671
-0.01059105
0.006185558
0.003006783
0.00218408
-0.002492957
0.002504682
-0.006792631
0.003184245
-0.001108034
-0.001481769
-0.006222615
-0.01116337
-0.01037376
0.0009585704
-0.0005013072
-0.002010813
0.002993858
-0.002944661
-0.006203463
-0.0009335189
0.00336595
-0.005460171
0.005221541
-0.004758656
-0.0003327217
0.0008343837
0.01035301
-0.004419128
-0.005393169
-0.006457963
-0.0003256629
0.002323664
-0.009029324
-0.002802383
0.0004777677
-0.005459994
0.007934138
-0.006542804
0.00361635
-0.00787618
-0.00103709
-0.003163278
-0.003950177
-0.001915969
0.01151832
-0.004936066
-0.001782705
0.003279449
-0.007422233
0.007077636
0.0001012865
0.001519343
-0.005057325
0.006026111
-0.002416523
0.001701323
0.0116028
0.00363663
-0.003278814
-0.006435024
0.00470691
0.008771136
-0.0003792511
0.005002037
0.009584188
0.001080657
-0.004489069
0.006287171
-9.919004e-05
0.002281397
-0.006942627
0.004903024
0.01338877
0.0001535744
-0.007652881
-0.0004121908
0.0009991719
-0.003618708
-0.002681992
-0.001123953
0.004249176
0.006253259
0.005590019
-0.00783798
0.01240227
0.0009979524
-0.01129749
-0.0104426
0.003243356
0.004456404
0.007894592
-0.001239238
0.01087296
0.006365111
0.004238386
0.008021204
-0.00127352
-0.007659165
0.001580292
0.009198934
-0.001472021
-0.005112798
-0.004164368
-0.003432223
-0.002480943
0.007379817
0.003793765
-0.003254959
-0.000330296
0.005425184
0.004522159
-0.007969576
0.001552485
-0.001526169
-0.004645994
0.008596116
-0.003619002
0.006156569
0.004606594
0.007979034
-0.009629562
0.005057623
0.0008774816
0.001159254
0.008028838
0.008478006
-0.0009942783
0.000543232
0.01219769
0.002597712
-0.0004064239
-0.01147011
0.001299324
-0.002093055
0.004607398
-0.006612675
-0.000616166
-0.004373271
0.0005255516
0.001124571
0.001993756
-0.007659423
-0.000384509
-0.01243387
0.008347115
-0.005641197
0.001678996
-0.001578275
0.001027085
-0.002746997
-0.003791956
-0.0008551082
0.001633068
0.0003703151
0.00407459
0.003782508
-0.002475925
0.003045891
-0.001294444
0.001915549
-0.004383968
-0.002687541
-0.002419293
0.00541256
0.004334517
-0.008717801
0.007977346
-0.005591546
-0.001371471
-0.0003874473
-0.003648024
-0.001345397
0.0003166785
-0.005008702
0.004738037
-0.007715369
-0.002651628
0.009257618
-0.0009724069
-0.002030642
-0.004083363
0.0001262797
-0.002889489
-0.01044359
-0.00610222
-0.00489405
-0.002416724
0.006911315
0.003296269
-0.01082243
-0.0003503476
-0.005960519
-0.00500792
0.0004773092
-0.0007426786
-0.002704918
0.01144632
0.001958909
-0.005723224
-0.005830584
0.003917464
-0.005336645
0.005207685
-0.006198617
0.005478772
0.001351879
0.009510073
0.002030614
0.002468496
0.008137861
0.002524796
-0.00188389
0.007550058
0.001805375
-0.006987382
-0.0005369517
0.007495128
-0.006767546
0.001151947
-0.001359175
-0.0004948559
0.003958946
-0.004714491
-0.005132576
0.002121552
-0.001988561
-0.004159785
-0.004668248
-0.01117715
0.004372805
0.0007385353
-0.002352043
-0.004862443
-0.005160709
0.005908172
-0.002883428
-0.005403031
0.000503673
0.003926219
-0.005498117
-0.007808194
-0.002906497
-0.002030871
-0.001658466
0.005216909
-0.0003344621
0.01019332
0.004400611
0.001175513
-0.007595192
-0.001345382
-0.007360821
-0.006190377
-0.001255613
0.007611502
-0.001603005
0.001880699
0.003632203
-0.0006060702
0.01471721
-0.006221466
-0.005016736
-0.004534782
0.005600538
-0.003276618
0.008092108
-0.002123677
-0.003752209
-0.004059925
0.004895169
0.002079225
-0.006100601
-0.0006218287
-0.008566926
0.009568859
-0.005063008
-2.131907e-05
0.009656963
-0.003472822
-0.001585588
-0.0008261138
-0.005285592
0.008725448
-0.006159963
-0.01413613
0.004809855
0.008309061
0.000490572
-0.005588513
0.002229658
-0.001356844
-0.001899975
-0.009522498
-0.0009534255
-0.003092265
0.004259004
-0.005854359
0.002759101
-0.002640194
-0.004487382
0.001391734
-0.002680804
-0.002077138
-0.004329415
0.002745314
-0.001399581
-0.01554499
0.01524493
-0.003420543
-0.001192534
0.001533681
0.001396236
-0.0064955
-0.0002322578
0.003008224
-0.0005902284
-0.005769863
0.0004992254
0.00244142
0.004299275
0.003341309
-0.001856052
-0.008105767
-0.003723607
-0.004159582
-0.004249838
0.002216841
-0.004988641
-0.003315666
0.003224533
-0.0009709949
0.007608508
-0.01419749
-0.0003088534
-0.002272387
0.009854861
-0.0002059897
0.001430888
0.006621094
0.003018474
0.0001087394
0.006780508
-0.005602937
-0.003922395
0.008851948
-0.001092013
0.001838165
-0.0143302
0.000442002
0.004768317
-0.00158966
-0.009373715
-0.001792977
-0.006289773
-0.006632036
0.002846314
0.00125912
0.0009994733
0.003562085
0.001986863
-0.01089793
-4.741491e-05
0.007862208
-0.003300949
-0.002727592
-7.115904e-05
0.001895513
0.005798131
0.006273152
-0.002507509
0.008834594
-0.004678879
0.00112911
-0.004763249
0.01129845
-0.002058519
0.01073756
-0.006379691
0.001869009
0.003104344
-0.005097509
0.005243571
0.006942063
0.0001987279
-0.001498823
0.005071259
-0.003413122
0.000446293
0.002142118
-0.004738167
0.008852867
0.002337594
0.009369442
-0.0002887141
0.002778171
0.007041321
-0.004648134
0.007650161
-0.001695317
0.002931239
-0.003421678
0.001917643
0.007335901
0.002580925
-0.007250683
0.006268287
-0.001434923
-0.005826752
9.869741e-05
0.002960981
0.002528683
-0.009928589
-0.00272556
0.001477386
0.01200167
-0.006464951
0.00719169
-0.006582205
0.006686931
-0.005318596
0.002894679
-0.003752963
0.002703945
-4.347444e-05
-0.005962743
0.007493519
0.004532724
0.004098196
0.00522391
0.001615979
-0.005694027
0.002143056
-0.002247102
0.009277861
0.0001951745
0.003060927
0.0120748
0.0008182888
-0.006305252
-0.001701415
-0.0003120198
0.00438087
0.006521728
0.008328332
0.01237915
0.009219062
-0.001275929
-0.00262042
-0.005023035
-0.004298923
0.002542152
-0.005055189
-0.0003282324
0.007046645
-0.002645238
-0.001728988
-0.004408715
0.01315904
0.001182129
-0.001592163
0.004011555
-0.002342373
-0.005200149
0.0005426412
0.005286854
-0.000127663
0.001565829
-0.0009743746
0.010674
-0.009945239
-0.005073039
0.002088172
0.003315389
-0.001766357
0.009939073
-0.001652366
-0.0004474132
-0.002592537
0.002446089
0.006316921
0.007714675
-0.002629585
0.0004045877
0.006413133
-0.007952833
-0.003997256
-0.002996307
0.002087112
-0.003054961
0.007944544
0.0002796359
-0.005381488
0.002816672
-0.005565394
-0.009461715
0.007014825
0.0009744022
0.006530793
0.002756381
-0.0003314365
0.004321035
0.003482049
0.004430022
0.008831922
0.0008361402
0.002829121
-0.002760848
-0.00416118
-1.018683e-05
-0.0004652975
0.0003120039
0.002943399
-0.008437966
-0.00105862
-2.617448e-05
0.005613658
0.0009644639
0.004480215
-0.002825872
-0.005105748
0.001305963
-0.0009967727
0.004471106
0.0006406045
0.005003381
0.01313725
0.003703419
-0.005141414
0.009185888
-0.004635783
-0.006783986
0.002609049
-0.01160396
0.006637443
-0.006573119
0.01571222
0.0009288935
0.000791116
0.008075551
-0.002453726
-0.003679634
0.001880841
0.0004918466
-0.0001105936
0.005010097
0.007084377
0.00439743
-0.01304709
-0.006768872
-0.006183464
0.003119667
-0.006631932
0.005051978
0.00763428
0.0005181052
-0.00800778
0.0006357472
0.0005977576
-0.0009341038
0.01352203
0.0002398215
0.002654873
0.008307768
0.00732968
0.006856328
0.004430778
0.001160823
-0.003473718
0.001837545
0.006442137
-0.001272651
0.003767719
-0.007300197
-0.0006916298
0.005845213
-0.007880969
0.003479674
0.002564926
0.002265922
0.0003114425
-0.004576147
0.003423974
0.00216158
0.0007482403
0.003106272
-0.004917178
0.004444158
0.001511194
-0.01203429
-0.007363242
-0.004720984
-0.008829967
-0.006079013
-0.004233921
-0.001487837
-0.01183203
-0.008422396
-0.005031743
-0.002164723
0.002028164
0.01331017
-0.0008919243
0.003384437
-0.004339252
-0.005023054
0.003320079
0.008436281
-0.005146167
0.004001677
-0.01310326
-0.00673685
0.00276604
-0.007554511
0.009011549
0.008260183
0.001970564
-0.003300956
0.0005004559
3.926872e-05
-0.009730677
0.00318103
0.002429962
0.004276147
0.0008872217
0.005383406
0.005059422
-0.005063935
0.000168378
0.007031058
-0.008041686
0.0005594011
0.008679814
0.00620966
0.009619437
0.001537766
-0.000211241
-0.01062324
-0.003132971
0.006040238
-0.0002531811
0.004221842
-0.0002686893
0.002982664
0.004454395
-0.01406851
-0.002542588
0.004403131
-0.006865096
-0.008200506
-0.0101232
-0.005827051
-0.005804747
0.007395114
0.01103646
0.007374377
0.003207609
0.002601473
-0.002262419
0.002105425
-0.007036811
-0.001413829
0.00690859
-0.002388794
0.00995059
-0.009852736
0.006352529
0.001213082
-0.003636048
-0.004341871
0.0002848352
-0.003609755
0.007419151
-0.002179673
0.009800874
0.0110591
0.008834144
0.0002829216
0.001254874
-0.004589587
-0.0005591415
-0.006663793
-0.004122619
0.007733009
0.005037796
-0.004832383
-0.00418267
0.002739462
-0.003730391
-0.01075087
0.00319073
-0.007623009
0.003476332
-0.00443924
0.006413219
-0.0001370446
0.004609035
0.001735932
0.00401711
0.003442956
0.00290656
-0.0006484612
-0.005871683
-0.002574564
-0.01067453
0.001256848
0.005968067
0.0001261145
-0.008009446
-0.009643239
0.003940272
0.005271499
-0.002081519
-0.0009060872
0.007294865
0.001418551
0.009177375
0.005138577
0.009357001
-0.00324045
0.002913867
-0.002255168
0.001070233
0.001777955
0.007326468
0.001815665
-0.002604266
-0.002611195
-0.0007104419
-0.0002683013
0.002737712
-0.007132266
-0.0007529883
-0.004539594
8.283538e-05
0.001489235
0.0006794894
-0.00300868
0.005398516
0.004121998
-0.000995826
-0.0002050748
0.001447112
-0.0009932519
0.002445153
0.008434984
0.0002551355
-0.002994626
-0.00261267
0.00985897
0.000660871
-0.005407331
0.005390056
0.005537972
-0.00104672
0.001120364
-0.0002440644
0.001410017
0.005862915
-0.004095647
0.004004179
-0.003345108
