0.8596321
0.8586592
0.8590516
0.8527017
0.8596082
0.8582981
0.8714998
0.8593756
0.863076
0.8517837
0.859082
0.8430374
0.8666814
0.8615838
0.8699994
0.8483914
0.8646663
0.8534746
0.8523669
0.8563143
0.8446563
0.8433526
0.8643916
0.851644
0.8601096
0.8560603
0.8528693
0.8645909
0.8584619
0.8538618
0.8610553
0.8549078
0.8483051
0.8490956
0.8569184
0.8595595
0.8611817
0.8568522
0.8563567
0.8557317
0.8619314
0.8674981
0.8627401
0.8635568
0.8630057
0.8537792
0.852323
0.8486321
0.84783
0.8593023
0.8582731
0.8585765
0.8568436
0.8641654
0.856972
0.8504316
0.8544505
0.8713286
0.8513726
0.8519783
0.8665177
0.8520409
0.8537889
0.8592081
0.8495134
0.8424455
0.8572801
0.8414501
0.8580454
0.8505523
0.8500149
0.8576565
0.8604082
0.8618867
0.8548033
0.8521495
0.858336
0.8554602
0.8643762
0.8447441
0.8476176
0.8704107
0.8633102
0.8582436
0.8592991
0.8655741
0.8535188
0.8635115
0.8440802
0.8533838
0.8569812
0.8548877
0.8490316
0.8560252
0.8534707
0.8615735
0.8567053
0.8491474
0.8587056
0.8532269
0.8639466
0.8515767
0.8555783
0.8417646
0.8583475
0.8645401
0.8599093
0.8624577
0.860641
0.8556903
0.8514909
0.8692746
0.8527471
0.8639735
0.8651208
0.8449059
0.8544149
0.8643948
0.8664978
0.8660495
0.8575331
0.8541287
0.8548566
0.8468576
0.8566007
0.8419148
0.8589838
0.8577498
0.8549396
0.8612434
0.8539577
0.850116
0.8619678
0.8630271
0.8442759
0.8690435
0.8421622
0.8623892
0.8582157
0.8536273
0.8589076
0.8511268
0.8426608
0.8610809
0.8429223
0.8439524
0.8582754
0.8610167
0.8670171
0.8486901
0.8669297
0.8560484
0.8556011
0.8490549
0.8539256
0.8571417
0.8514274
0.8639026
0.8552777
0.8544537
0.854593
0.8505018
0.8590849
0.8417162
0.8591087
0.8512904
0.8687238
0.8607526
0.86441
0.8491881
0.8581916
0.8627803
0.8622088
0.8590198
0.8594991
0.8643627
0.8646938
0.8689122
0.8504691
0.8616367
0.8536971
0.8680456
0.8591306
0.8504261
0.8621458
0.8663892
0.852406
0.8504673
0.8597363
0.8418098
0.857242
0.8548407
0.8543067
0.8712876
0.8502773
0.8650267
0.8572387
0.8608894
0.8741042
0.8630291
0.860669
0.8588894
0.8671812
0.8673212
0.8427383
0.8681098
0.8614447
0.8561134
0.8496192
0.8638078
0.8612013
0.8644516
0.856704
0.8522138
0.8380567
0.8665079
0.8440736
0.8575223
0.8492102
0.865804
0.8594271
0.8679429
0.8577271
0.8644639
0.8560625
0.8511279
0.8558459
0.8575152
0.847338
0.8545751
0.8564087
0.8448144
0.8462804
0.8655116
0.8516946
0.8563278
0.8547983
0.8476504
0.8557246
0.8587678
0.8492322
0.8473499
0.859062
0.8692042
0.8498964
0.8595983
0.8586365
0.8488349
0.8504279
0.8654794
0.858433
0.8546549
0.8496852
0.8533672
0.863492
0.852879
0.857903
0.8581682
0.868038
0.8649384
0.8523438
0.8558815
0.8537645
0.8604864
0.8474603
0.8455489
0.8568002
0.84243
0.8632011
0.8570906
0.8462793
0.8594006
0.8535163
0.8562588
0.8734826
0.8573363
0.856096
0.8585743
0.8578344
0.8522611
0.8527909
0.8571976
0.8605574
0.8694244
0.8556991
0.8611107
0.8571507
0.8378477
0.8447448
0.8540236
0.861027
0.851246
0.8660983
0.8629069
0.8530369
0.8616848
0.8570759
0.8585062
0.8693566
0.8616321
0.8615052
0.8609883
0.8567004
0.8452232
0.8637116
0.8645976
0.8493658
0.8536652
0.8549208
0.8664315
0.8576062
0.8689199
0.8683015
0.8502739
0.8537654
0.8550786
0.8505465
0.8433797
0.857152
0.8480447
0.8576855
0.85107
0.8638128
0.8576668
0.8676284
0.8547786
0.8504889
0.8574953
0.8611353
0.8637862
0.8745478
0.8516822
0.8557664
0.8547839
0.8625
0.8560996
0.866752
0.8575272
0.8561258
0.8437114
0.8547682
0.858396
0.8547343
0.8712491
0.8603566
0.8603627
0.8605423
0.8615944
0.8714809
0.8583479
0.8475754
0.8528126
0.8541916
0.8482063
0.8566455
0.8554546
0.855349
0.8618722
0.8477963
0.8601823
0.8635181
0.8664244
0.8606154
0.8489028
0.8680181
0.8496665
0.8607115
0.85028
0.8486938
0.8361826
0.849011
0.8620708
0.8664604
0.8659537
0.8616099
0.8736201
0.8547798
0.8522869
0.8638038
0.8626943
0.8468724
0.8587577
0.8615806
0.8552355
0.8541207
0.8480971
0.8450437
0.8629749
0.8574046
0.8528843
0.8481341
0.8553073
0.8593549
0.8492882
0.8719564
0.8481799
0.865723
0.860162
0.8658349
0.8622632
0.8595442
0.8664772
0.8579182
0.8610611
0.8521134
0.8651754
0.8608858
0.8542285
0.8602131
0.8545584
0.8663193
0.8430413
0.8569577
0.8600721
0.8567348
0.8710793
0.8626504
0.8593335
0.8618232
0.8702979
0.8371521
0.8586123
0.8618522
0.859799
0.8625709
0.8630264
0.851266
0.8597515
0.8559243
0.8716012
0.8481331
0.8502129
0.8566936
0.8567701
0.8602353
0.8582575
0.8459399
0.8578608
0.8500081
0.8535362
0.8645669
0.8640102
0.8609146
0.8559958
0.8560001
0.8545771
0.8522127
0.8615998
0.8425756
0.8629006
0.8611011
0.864941
0.8601267
0.8610511
0.8590516
0.8627158
0.8685536
0.8525412
0.8485024
0.8709788
0.858938
0.8566119
0.8549603
0.8551833
0.8630467
0.8505185
0.8460871
0.8582185
0.8640384
0.8413804
0.8600916
0.8580154
0.8605924
0.8577226
0.8531156
0.8537415
0.8590422
0.854856
0.8485877
0.8650295
0.8623111
0.8568187
0.8484747
0.8527358
0.852732
0.8402935
0.8556516
0.8595411
0.8681082
0.8531125
0.8631648
0.8586619
0.8692047
0.8678062
0.8577005
0.8518978
0.8586011
0.8622055
0.8398398
0.8619017
0.8495605
0.8612457
0.8591996
0.8559729
0.8578597
0.8469656
0.8718045
0.8558983
0.848533
0.8583591
0.8539698
0.8574771
0.8593527
0.8564457
0.843114
0.8649115
0.8586031
0.8543434
0.8590964
0.85708
0.8767892
0.8511189
0.8606999
0.8714456
0.8718303
0.8521643
0.8550467
0.8763853
0.8535273
0.8546362
0.8649936
0.8573451
0.8542428
0.8495148
0.8590629
0.8620926
0.8528059
0.8530879
0.8486725
0.8593976
0.855621
0.8522964
0.854695
0.8467234
0.8518119
0.8539008
0.8538521
0.8491753
0.843091
0.8637814
0.856
0.8588517
0.8550022
0.8691587
0.8562919
0.8603155
0.8453072
0.8405865
0.8607584
0.8561822
0.8550426
0.8558126
0.8579496
0.8575937
0.8561054
0.8690126
0.8765846
0.8731641
0.84191
0.8603909
0.8627876
0.8488086
0.8503395
0.8595262
0.8458188
0.8528766
0.8608528
0.8616363
0.8619984
0.8627503
0.8712087
0.8554337
0.857286
0.8586152
0.8699311
0.8628315
0.8530085
0.8536946
0.8478562
0.8558792
0.8666512
0.8545467
0.8731793
0.8552936
0.8556333
0.8586423
0.8529129
0.8612015
0.84769
0.8632065
0.8598452
0.8624029
0.8547959
0.8549348
0.8618593
0.8601642
0.8622257
0.8559345
0.8695847
0.8490467
0.8542506
0.8546709
0.860706
0.849844
0.8516751
0.8579561
0.8689733
0.8570537
0.8437595
0.8783652
0.8539045
0.8561416
0.8440535
0.8582767
0.8619176
0.8598792
0.8584045
0.8582
0.8538387
0.8443514
0.871293
0.8543069
0.8633939
0.8531566
0.8633178
0.8651098
0.8488524
0.8533786
0.8554795
0.8525483
0.859078
0.8572736
0.8550546
0.8632769
0.8731658
0.862804
0.8627647
0.8588036
0.8435579
0.8586388
0.8640195
0.8673346
0.8552538
0.8675134
0.8534524
0.8612351
0.8547496
0.8573818
0.8600574
0.8619619
0.8572396
0.8567565
0.8456453
0.8608566
0.8549962
0.8682337
0.8629587
0.8554949
0.8781194
0.8546737
0.8509223
0.8640913
0.8515211
0.8653576
0.8568175
0.8571679
0.8533491
0.8436941
0.8510093
0.8592276
0.847309
0.8653004
0.8648146
0.8581797
0.867822
0.8588999
0.8543992
0.8542397
0.8549393
0.851871
0.8451163
0.8659826
0.848398
0.8539423
0.8708238
0.8564843
0.859161
0.8496777
0.8570909
0.8613814
0.8712228
0.8486472
0.8547717
0.8503505
0.8599759
0.8569307
0.8620154
0.8470081
0.8538058
0.86274
0.8645274
0.8610184
0.8656338
0.8663142
0.8533136
0.8732572
0.8695238
0.8522477
0.8589448
0.847902
0.8591769
0.858619
0.8511513
0.8637288
0.854811
0.8561119
0.8448603
0.8518859
0.8450523
0.8564047
0.8624438
0.8601796
0.8699282
0.8574609
0.8538401
0.8587517
0.8530262
0.8630493
0.8651878
0.8637353
0.8689654
0.8581173
0.8598086
0.8516381
0.8525623
0.8606092
0.8719077
0.850481
0.8639104
0.8482352
0.8621448
0.8500997
0.8536974
0.8645211
0.862526
0.8590072
0.8668017
0.8587603
0.8518767
0.8545504
0.8514192
0.8511485
0.8660216
0.8486171
0.857042
0.8606409
0.8620856
0.8685013
0.8619313
0.8617509
0.8479565
0.8606975
0.8487239
0.8554707
0.8549912
0.8516952
0.8548736
0.8628593
0.8607028
0.8515391
0.8712862
0.8529939
0.8676523
0.8437119
0.8605083
0.8492836
0.8629409
0.8479299
0.8637981
0.8508254
0.8604117
0.85856
0.8476484
0.8576561
0.8640435
0.875155
0.8433313
0.858937
0.8669871
0.8702773
0.8568127
0.8435303
0.8440306
0.8488449
0.8593414
0.8596543
0.8554001
0.8509332
0.8381193
0.8615616
0.8672253
0.8594076
0.8590394
0.8479512
0.8647876
0.8521105
0.8483607
0.8527716
0.8669502
0.8562635
0.8470251
0.8386883
0.8570862
0.8613051
0.854803
0.8526683
0.8526911
0.8584026
0.8534255
0.854362
0.8613815
0.8529725
0.8497648
0.8483386
0.8682599
0.8446876
0.8638995
0.8650034
0.857653
0.8502496
0.8575078
0.8671712
0.8623214
0.8633969
0.845353
0.844204
0.8589998
0.8448193
0.8530688
0.8597395
0.8692034
0.8601318
0.8575173
0.8471482
0.8547288
0.856967
0.853151
0.8510909
0.8548079
0.8635173
0.8420285
0.8439037
0.8635375
0.8498184
0.8597374
0.8625685
0.8607839
0.8564279
0.8575957
0.8555561
0.8634768
0.8506729
0.8634813
0.8475227
0.8614776
0.8629989
0.8544555
0.8576126
0.8628324
0.8629743
0.8514476
0.8480863
0.8438935
0.8573467
0.8625212
0.8590748
0.8629785
0.8547565
0.8578577
0.8538414
0.8653595
0.862503
0.8616419
0.8526561
0.8625078
0.8637036
0.8517135
0.8644664
0.8561612
0.857387
0.8682549
0.8750567
0.8654898
0.848907
0.8536016
0.8502976
0.8514647
0.8511408
0.8523208
0.870997
0.8641434
0.8612614
0.8439822
0.8517708
0.8550574
0.8543882
0.861183
0.8542456
0.8527019
0.8637006
0.8686711
0.8572804
0.8506073
0.8617518
0.8562164
0.862387
0.8749501
0.8551784
0.8497145
0.8471363
0.8630388
0.8579476
0.8544428
0.8564569
0.8385931
0.8621842
0.8543566
0.853144
0.8654523
0.848401
0.8505103
0.8658937
0.8429275
0.8501174
0.8450928
0.8505445
0.8525444
0.8537766
0.8626513
0.8550397
0.8604479
0.8662838
0.8436148
0.848709
0.8611625
0.85476
0.8566046
0.8578268
0.8588357
0.8741047
0.8650025
0.847099
0.8497851
0.8518572
0.8554475
0.8633748
0.8643992
0.8531279
0.8516951
0.8578841
0.8649347
0.8613364
0.860737
0.8721157
0.863323
0.8602351
0.8616912
0.8643609
0.857756
0.8431731
0.8508426
0.8594089
0.8588758
0.8647589
0.8572829
0.8561337
0.8585122
0.8607038
0.875071
0.8691715
0.853005
0.8589461
0.8492387
0.8529276
0.8497273
0.8558239
0.8533775
0.8608374
0.8642521
0.8523941
0.8565394
0.8525648
0.8628959
0.8642513
0.8610202
0.8419841
0.8610429
0.8471484
0.8653482
0.8644715
0.8697341
0.8631009
0.8553117
0.8443629
0.8476935
0.8586096
0.8600173
0.8740304
0.8491343
0.8536542
0.8543432
0.8588214
0.8547982
0.8645395
0.858091
0.8583591
0.8655932
0.8530502
0.867548
0.8695514
0.8553103
0.8577966
0.8534542
0.8600858
0.8494066
0.8579171
0.862848
0.8560294
0.8619635
0.8519772
0.8551409
0.8674204
0.8542764
0.8619993
0.8532335
0.8601953
0.8530018
0.8678949
0.858691
0.8657427
0.8505712
0.8531585
0.8638985
0.8542941
0.8609308
0.843313
0.8569012
0.8619447
0.8619296
0.8549359
0.8559128
0.8544301
0.8572081
0.8500202
0.8538802
0.8442824
0.8666894
0.8548752
0.8687965
0.8570981
0.8555507
0.8557462
0.85825
0.859097
0.8698863
0.8607585
0.8525498
0.8650563
0.8554599
0.8611257
0.8627715
0.84552
0.8563984
0.8526974
0.8667999
0.8602511
0.8577046
0.8434196
0.8589502
0.8481205
0.8475387
0.8612367
0.8564019
0.8471174
0.8553743
0.8592233
0.8664502
0.863169
0.8660077
0.8578749
0.8524157
0.8569185
0.858798
0.8615854
0.8625966
0.8487601
0.8601499
0.8525244
0.8677783
0.8527638
0.8538592
0.8507984
0.8555919
0.8521911
0.8578511
0.852103
0.8503321
0.8600238
0.8411465
0.8381475
0.8486519
0.848734
0.8546367
0.8600992
0.8667968
0.8606537
0.860353
0.8540564
0.8628285
0.8530082
0.8508541
0.8624981
0.8638208
0.864475
0.86336
0.8622542
0.8624642
0.8626315
0.8543393
0.8588486
0.8560718
0.8564928
0.86228
0.8651081
0.8575581
0.8486711
0.8502691
0.8561697
0.8497415
0.8509624
0.848942
0.8555719
0.8514263
0.8554507
0.8542083
0.8584654
0.8488932
0.856869
0.8542588
0.8608387
0.8531854
0.8601824
0.8553528
0.8506529
0.8564663
0.8585284
0.861485
0.8649436
0.8700529
0.8648323
0.8513377
0.8532214
0.8668822
0.8506456
0.8634535
0.8419465
0.8664907
0.8682702
0.8651251
0.8473657
0.8484697
0.8539141
0.86026
0.8675575
0.8528714
0.8585986
0.863065
0.8558907
0.8531313
0.8554803
0.8555974
0.8651268
0.8618422
0.8559287
0.855461
0.863875
0.8540758
0.8615302
0.8484738
0.8513571
0.858887
0.8405407
0.8755809
0.8625771
0.8506212
0.857882
0.8647876
0.8701692
0.8601029
0.8567053
0.8587776
0.8525518
0.8514275
0.8522605
0.8498275
0.8419133
0.8530803
0.8555609
0.8509747
0.864149
0.8694074
0.8681645
0.857117
0.8586485
0.8680543
0.8629401
0.8509801
0.8487432
0.8685563
0.8464456
0.8549411
0.8716918
0.8527833
0.8640217
0.8423539
0.8557983
0.8618691
0.8598095
0.8664743
0.8622124
0.8705955
0.8560195
0.853454
0.8498151
0.8582951
0.8542756
0.8723359
0.8655228
0.8683428
0.8603699
0.8530742
0.8702321
0.8616473
0.8549663
0.8556989
0.8577511
0.8504347
0.8556799
0.8451495
0.8626367
0.8524673
0.8582922
0.8660138
0.8481661
0.8476237
0.856796
0.8710094
0.87398
0.8578066
0.8664741
0.8521051
0.8442746
0.8611002
0.8667741
0.8511988
0.8670258
0.853748
0.8594678
0.856145
0.8542489
0.8372803
0.859762
0.8711578
0.8631355
0.8632829
0.8575782
0.8495717
0.8549764
0.850951
0.8607563
0.8517389
0.8512035
0.8577277
0.8484117
0.8499962
0.8691373
0.8568945
0.8502196
0.8513567
0.8544583
0.8588668
0.8502762
0.8617609
0.8594794
0.8619956
0.8479906
0.8591727
0.8656255
0.870249
0.8560053
0.8589504
0.8509102
0.8558202
0.8589353
0.8434124
0.8527337
0.8550044
0.8497399
0.8599415
0.8599411
0.8576278
0.8570495
0.8541919
0.8539269
0.8515484
0.8697705
0.855236
0.8586197
0.8584605
0.8537007
0.8449058
0.8617848
0.8710972
0.8544084
0.8596235
0.8513953
0.8578146
0.8660993
0.8600592
0.8571851
0.8455274
0.8576679
0.8610276
0.8554082
0.8598671
0.8577519
0.8546484
0.85058
0.8685312
0.849558
0.8506225
0.8551819
0.847512
0.8564453
0.8613315
0.8464328
0.8669117
0.8486893
0.8582543
0.8736327
0.8772166
0.8578212
0.8525119
0.8509368
0.8543541
0.8611786
0.8507185
0.8646757
0.8425724
0.8567139
0.8492377
0.8541809
0.8602322
0.8617941
0.8571709
0.855279
0.8624372
0.8576975
0.8633234
0.8559734
0.8677139
0.8577938
0.8511971
0.8535295
0.8609914
0.8706694
0.852527
0.8540467
0.8491034
0.8442726
0.8535362
0.8459314
0.8505061
0.8672265
0.8581543
0.8520415
0.8613182
0.863733
0.8624841
0.8559105
0.8398187
0.8605329
0.8578848
0.8601096
0.8446493
0.8632379
0.859057
0.8613099
0.8599849
0.8600568
0.8567977
0.8603702
0.8544093
0.8541193
0.8598963
0.8595454
0.8483021
0.8585745
0.8547326
0.8654055
0.8454619
0.8535494
0.8611384
0.8607161
0.8693758
0.8568686
0.858025
0.8603752
0.8693788
0.8499142
0.8651569
0.8654335
0.8453059
0.8605484
0.8650983
0.866705
0.8568415
0.8489057
0.8551595
0.8620831
0.8563817
0.8541786
0.8609334
0.8637211
0.8619647
0.8595973
0.8634552
0.8524117
0.8784626
0.8533959
0.8578491
0.8499741
0.8758291
0.8506284
0.8601489
0.8683055
0.8602606
0.8453477
0.8592744
0.854343
0.8463102
0.8402424
0.852573
0.8672246
0.8679188
0.8606486
0.8502705
0.8677678
0.8562151
0.8452878
0.8595043
0.8531288
0.8524252
0.8518801
0.8597073
0.8601697
0.8635846
0.8724891
0.8551474
0.8757737
0.8522457
0.8493921
0.8531879
0.8679854
0.8451285
0.8504373
0.8394724
0.8555944
0.8581075
0.8616104
0.8569644
0.8569513
0.8601829
0.8570962
0.8585995
0.8514437
0.8447186
0.8604443
0.8559098
0.8658604
0.8564334
0.8531912
0.849164
0.8624789
0.8527908
0.8715475
0.8780052
0.8500536
0.8536623
0.8613602
0.8600154
0.8573702
0.8536631
0.8627565
0.8438415
0.8615305
0.8520096
0.8510736
0.8607205
0.8702606
0.8575355
0.8564759
0.8461326
0.8522327
0.8551944
0.8477883
0.8668176
0.8636629
0.854536
0.8473189
0.854927
0.8334155
0.8503092
0.8535208
0.8458394
0.8494047
0.8508147
0.8510502
0.8617165
0.8415828
0.8546564
0.8545052
0.8521348
0.8499322
0.8620308
0.85673
0.8537079
0.868541
0.8619444
0.8603091
0.8624375
0.8552993
0.842254
0.8544092
0.8472017
0.8510717
0.8459371
0.858717
0.864864
0.876919
0.8460546
0.8528098
0.8599905
0.8504
0.8428625
0.8561484
0.8673955
0.8605427
0.8546248
0.860692
0.8555111
0.8516631
0.8482233
0.871832
0.8542923
0.8597185
0.8434713
0.855893
0.8623589
0.8615088
0.8681777
0.8453288
0.852796
0.8567088
0.8590502
0.8548278
0.8589835
0.8579986
0.8585181
0.8577669
0.8490753
0.8554632
0.8507156
0.8527226
0.8495037
0.8574312
0.8507961
0.8663509
0.8600049
0.8603325
0.8534203
0.8471841
0.8560937
0.8437555
0.8558928
0.8527068
0.8568285
0.8629492
0.861562
0.8498228
0.8566668
0.8740691
0.8586716
0.8467875
0.8673218
0.8443091
0.8664949
0.8473651
0.8567107
0.8614274
0.8490283
0.8402728
0.851497
0.8460292
0.8484492
0.8631403
0.8540542
0.8535133
0.8595819
0.8554837
0.8633645
0.8485562
0.8562376
0.8524915
0.8610243
0.8710505
0.8536839
0.866418
0.8521347
0.8543666
0.8665731
0.8538376
0.8441922
0.8640464
0.8548702
0.8689461
0.8562822
0.843559
0.8577105
0.847756
0.8564935
0.8535212
0.8731436
0.847674
0.872281
0.8597185
0.85394
0.8604882
0.8678331
0.8525667
0.8597633
0.8479026
0.8620624
0.8675474
0.8589245
0.8591107
0.8762135
0.8539307
0.8731082
0.8510495
0.8518205
0.8471342
0.8632192
0.8571958
0.856632
0.8647187
0.8535535
0.860912
0.8550569
0.8714428
0.8562319
0.8468877
0.8541969
0.8598972
0.8612312
0.8545221
0.8569245
0.8622964
0.8467202
0.8590515
0.8533277
0.8515259
0.8462032
0.881835
0.8549516
0.8600526
0.8692977
0.8704425
0.8604074
0.8642177
0.8625914
0.8629635
0.8559275
0.8664865
0.8499532
0.8713953
0.8603834
0.8475992
0.8557348
0.8499183
0.8625291
0.8504529
0.8614537
0.855204
0.8570934
0.8602252
0.854009
0.8508542
0.8635491
0.8722323
0.8667322
0.8578997
0.8662664
0.8513694
0.8650802
0.8521329
0.8481113
0.845362
0.8572674
0.8527479
0.8678915
0.8630845
0.8543869
0.8606932
0.8519481
0.862547
0.8395503
0.8530384
0.8650785
0.849219
0.8599765
0.8569858
0.8606498
0.8706576
0.8533248
0.8510976
0.8537201
0.8662721
0.8672469
0.8712039
0.8565078
0.8532393
0.8542428
0.8617055
0.8542001
0.8566575
0.8546875
0.8688431
0.8462346
0.855412
0.8546333
0.8534635
0.8403758
0.8683115
0.8694124
0.8628265
0.8560525
0.8587795
0.8584916
0.8562094
0.8538582
0.8605572
0.868343
0.8662123
0.8759038
0.8637123
0.8498377
0.8595672
0.858821
0.8565394
0.8588019
0.8559611
0.8503672
0.8553483
0.8571431
0.842837
0.8770037
0.857081
0.857181
0.8626998
0.8706577
0.854397
0.8613538
0.8485693
0.8476592
0.8547705
0.8521891
0.8578972
0.8587619
0.8522407
0.8488399
0.8664102
0.8534505
0.8549712
0.8559667
0.8543392
0.8618906
0.8518654
0.8523396
0.8563538
0.8595063
0.8594273
0.8545165
0.853906
0.849736
0.8634278
0.8555199
0.8588857
0.8561204
0.8649084
0.8587772
0.8701317
0.8532574
0.8402134
0.8586031
0.852477
0.8580818
0.8682713
0.848953
0.8465376
0.8515206
0.8625831
0.8648707
0.8423484
0.8580654
0.8721555
0.85485
0.8524298
0.858868
0.8643442
0.8655628
0.844741
0.8588854
0.8557232
0.8664461
0.8705434
0.8605857
0.8523312
0.8551359
0.8458415
0.8623202
0.8516858
0.8611519
0.8626153
0.8691078
0.858222
0.85635
0.8663789
0.8478657
0.8524878
0.8537906
0.867102
0.853151
0.8606759
0.8514068
0.8567419
0.8592551
0.8488611
0.8590959
0.8728792
0.8564923
0.848714
0.8606608
0.8669299
0.8632748
0.862368
0.8598756
0.8634036
0.8585313
0.8531155
0.8644528
0.8589369
0.859472
0.8733412
0.8564986
0.852644
0.8405526
0.8500633
0.8670068
0.8562931
0.8599856
0.8588086
0.855465
0.8648103
0.8600738
0.8576542
0.8637372
0.8477947
0.8612439
0.855749
0.8472945
0.8607862
0.8510549
0.8570613
0.8736922
0.8540663
0.8519327
0.8603436
0.8444255
0.8579555
0.8531988
0.8653479
0.8472617
0.855603
0.8550219
0.8685049
0.8628857
0.8615153
0.8522203
0.8730739
0.8516429
0.8585691
0.8577576
0.8596366
0.8527234
0.8535292
0.8473156
0.8635427
0.8565486
0.8588924
0.8583008
0.8690108
0.8497631
0.8512745
0.8538472
0.8561864
0.8429444
0.8633307
0.8505315
0.8575562
0.8513467
0.8594744
0.8563779
0.8667727
0.8435529
0.8815963
0.8646975
0.8409341
0.8571684
0.8546368
0.8536863
0.8647542
0.8694465
0.8696638
0.8446248
0.8647923
0.8627254
0.8468586
0.8512667
0.8610862
0.8565857
0.8625305
0.8451925
0.8565718
0.854425
0.8606531
0.8631752
0.8568497
0.8435572
0.8606531
0.8530507
0.8526074
0.8579781
0.8517532
0.8640534
0.8703826
0.8534005
0.8567829
0.8674352
0.8486117
0.854013
0.8647057
0.8510107
0.8619701
0.8592545
0.86534
0.8707395
0.8591726
0.8677889
0.8536394
0.8537692
0.8647617
0.8629456
0.8566947
0.8600815
0.8527841
0.8581805
0.8439375
0.8608146
0.8586553
0.8576122
0.8590137
0.8728837
0.8587769
0.8473985
0.8535007
0.8493292
0.8747156
0.8666169
0.857533
0.8601371
0.8568044
0.8571499
0.8547952
0.847076
0.8640167
0.8493139
0.8538747
0.8482295
0.8495203
0.8562412
0.851377
0.8564761
0.8520993
0.8572386
0.8614262
0.8532861
0.8535016
0.8530826
0.8647563
0.8548611
0.8607246
0.8591458
0.8575297
0.8629806
0.8546441
0.8542354
0.857191
0.8556596
0.8615777
0.8441876
0.8561289
0.8653601
0.8572954
0.8627855
0.8653803
0.8685344
0.8615844
0.8600077
0.8543142
0.8514279
0.8586779
0.8592621
0.8580039
0.8590541
0.86261
0.869819
0.8680146
0.87647
0.8600119
0.8524112
0.8571527
0.8559726
0.8598596
0.8650152
0.854466
0.8451598
0.8660728
0.8589517
0.850197
0.854363
0.8511025
0.8526044
0.8543683
0.8533159
0.8468321
0.8616688
0.8497897
0.8565477
0.8555457
0.8608629
0.8584191
0.8533479
0.8536256
0.8482031
0.8566269
0.8600413
0.8578133
0.8524291
0.8609812
0.8523882
0.8532533
0.8680408
0.8633588
0.8690125
0.8338382
0.8642943
0.8593379
0.8600221
0.8494145
0.857244
0.8464359
0.8472398
0.8512235
0.8488202
0.85154
0.8541998
0.8652244
0.8536394
0.865169
0.851597
0.8624761
0.8560827
0.866404
0.8519337
0.848741
0.8616429
0.8618652
0.8621704
0.8673042
0.860342
0.8552406
0.8530523
0.8653162
0.849582
0.8394255
0.8627381
0.8554108
0.8523467
0.8502428
0.8564203
0.8674721
0.8590395
0.8440093
0.8635398
0.8636347
0.8575228
0.8531951
0.859113
0.8611714
0.8549566
0.8520479
0.8625685
0.864281
0.8550237
0.8553002
0.8690503
0.847063
0.8548422
0.8679553
0.8547521
0.8539615
0.8580583
0.8613468
0.8632286
0.8628212
0.8598394
0.8592058
0.8583924
0.862969
0.8604261
0.8691812
0.8593083
0.8487925
0.8484844
0.8447249
0.8510627
0.8477075
0.853706
0.8587086
0.8628903
0.864365
0.846162
0.8588739
0.8621533
0.845146
0.8450429
0.8638751
0.8585127
0.8418207
0.8608459
0.858602
0.8620496
0.8595662
0.86827
0.8529557
0.8628651
0.8614049
0.8600958
0.8484923
0.8686594
0.8623518
0.8590679
0.8664308
0.8629228
0.8591219
0.8524448
0.8596105
0.8594339
0.8581381
0.8601726
0.8520889
0.8485381
0.8614926
0.8646172
0.8517331
0.8561452
0.8552151
0.8457878
0.8645349
0.8627945
0.8508516
0.8495799
0.857097
0.8627492
0.8576668
0.8505555
0.8600046
0.8634406
0.861715
0.8406271
0.8647292
0.8589949
0.8530832
0.8607111
0.8736094
0.8443666
0.8535318
0.863983
0.8434436
0.8425855
0.8454709
0.8488176
0.8695062
0.8714912
0.8498975
0.8512911
0.8589611
0.8524715
0.8537099
0.854525
0.8628955
0.8621434
0.8639105
0.8507096
0.851544
0.8660131
0.8567831
0.8601946
0.8726552
0.8657118
0.8622488
0.861367
0.859636
0.8642649
0.8550016
0.8564118
0.8525959
0.8576191
0.8570108
0.8592929
0.8623674
0.8606086
0.8554303
0.8509985
0.8584033
0.8658046
0.8532562
0.8570631
0.8656724
0.8616695
0.8630752
0.8617034
0.854636
0.8612252
0.8666643
0.8417463
0.8542715
0.8546403
0.8489063
0.8548825
0.8504655
0.8441279
0.8544271
0.8533819
0.861502
0.851869
0.8675929
0.8660502
0.8564833
0.8622027
0.8562167
0.8577036
0.865157
0.8515542
0.8503301
0.8555537
0.8595163
0.8454691
0.8687081
0.8585078
0.859498
0.8529042
0.8554907
0.8412802
0.8562704
0.8531113
0.8600653
0.8495011
0.8484168
0.8724214
0.8702283
0.8622825
0.850162
0.8609491
0.8519989
0.8676282
0.8722888
0.8618764
0.8548939
0.8594535
0.8601071
0.8578334
0.8626111
0.8681019
0.8597234
0.8657293
0.8627356
0.858461
0.8473262
0.8616534
0.8441787
0.8594355
0.8619593
0.8462995
0.8567691
0.8610012
0.8645957
0.8450797
0.8576168
0.8591932
0.8421421
0.8596802
0.8515529
0.8603608
0.8477659
0.8631117
0.8572091
0.8599641
0.8567793
0.8490217
0.8619759
0.86124
0.8629675
0.8671639
0.8533567
0.8537862
0.8566649
0.8540839
0.8641334
0.8634114
0.8541482
0.8536887
0.8647064
0.8598914
0.8608962
0.8604164
0.8559494
0.8470162
0.8729074
0.8723968
0.8576181
0.8589125
0.858006
0.8496051
0.8572334
0.8473325
0.8515799
0.8532998
0.8558685
0.8614817
0.8516123
0.8616427
0.8526402
0.8615674
0.8609463
0.8616037
0.8748742
0.8470349
0.8575168
0.8475133
0.8575542
0.8575248
0.8530285
0.8615664
0.8418923
0.8626931
0.8619442
0.8581659
0.86256
